45
0e
28
8c
05
44
0e
30
86
06
41
0e
38
83
07
47
0e
c0
17
03
46
05
0a
0e
38
41
0e
30
41
0e
28
42
0e
20
42
0e
18
42
0e
10
42
0e
08
46
0b
03
26
04
0a
0e
38
46
0e
30
41
0e
28
42
0e
20
42
0e
18
42
0e
10
42
0e
08
45
0b
00
7c
00
00
00
6c
04
00
00
70
43
ff
ff
bf
0f
00
00
00
42
0e
10
8f
02
42
0e
18
8e
03
42
0e
20
8d
04
42
0e
28
8c
05
41
0e
30
86
06
41
0e
38
83
07
47
0e
b8
20
4c
0e
c0
25
03
97
07
0a
0e
38
41
0e
30
41
0e
28
42
0e
20
42
0e
18
42
0e
10
42
0e
08
42
0b
03
7a
03
0a
0e
38
43
0e
30
44
0e
28
42
0e
20
42
0e
18
42
0e
10
42
0e
08
47
0b
03
d1
01
0e
c8
25
49
0e
d0
25
6d
0e
c8
25
42
0e
c0
25
00
00
00
70
00
00
00
ec
04
00
00
b0
52
ff
ff
e6
01
00
00
00
46
0e
10
8f
02
42
0e
18
8e
03
42
0e
20
8d
04
42
0e
28
8c
05
41
0e
30
86
06
41
0e
38
83
07
47
0e
60
02
62
0e
68
66
0e
70
46
0e
68
42
0e
60
02
7b
0a
0e
38
41
0e
30
41
0e
28
42
0e
20
42
0e
18
42
0e
10
42
0e
08
46
0b
02
94
0a
0e
38
46
0e
30
41
0e
28
42
0e
20
42
0e
18
42
0e
10
42
0e
08
45
0b
00
00
00
50
00
00
00
60
05
00
00
2c
54
ff
ff
96
04
00
00
00
46
0e
10
8f
02
42
0e
18
8e
03
42
0e
20
8d
04
42
0e
28
8c
05
41
0e
30
86
06
41
0e
38
83
07
47
0e
b8
20
4c
0e
d0
29
03
65
04
0a
0e
38
41
0e
30
41
0e
28
42
0e
20
42
0e
18
42
0e
10
42
0e
08
41
0b
00
00
00
6c
00
00
00
b4
05
00
00
78
58
ff
ff
d8
3e
00
00
00
46
0e
10
8f
02
42
0e
18
8e
03
42
0e
20
8d
04
42
0e
28
8c
05
41
0e
30
86
06
41
0e
38
83
07
4a
0e
d0
02
03
b2
04
0a
0e
38
41
0e
30
41
0e
28
42
0e
20
42
0e
18
42
0e
10
42
0e
08
41
0b
44
0e
d8
02
4d
0e
e0
02
53
0e
d8
02
42
0e
d0
02
03
d6
05
0e
d8
02
52
0e
e0
02
02
46
0e
d8
02
41
0e
d0
02
38
00
00
00
24
06
00
00
e8
96
ff
ff
c7
04
00
00
00
42
0e
10
8c
02
44
0e
18
86
03
43
0e
20
83
04
03
89
02
0a
0e
18
41
0e
10
45
0e
08
48
0b
03
be
01
0a
0e
18
41
0e
10
45
0e
08
44
0b
40
00
00
00
60
06
00
00
7c
9b
ff
ff
90
01
00
00
00
46
0e
10
8c
02
41
0e
18
86
03
44
0e
20
03
1d
01
0a
0e
18
44
0e
10
42
0e
08
42
0b
4a
0a
0e
18
44
0e
10
42
0e
08
48
0b
47
0a
0e
18
44
0e
10
42
0e
08
4b
0b
60
00
00
00
a4
06
00
00
c8
9c
ff
ff
d3
01
00
00
00
46
0e
10
8e
02
42
0e
18
8d
03
45
0e
20
8c
04
44
0e
28
86
05
44
0e
30
83
06
02
53
0a
0e
28
41
0e
20
42
0e
18
42
0e
10
42
0e
08
41
0b
63
0a
0e
28
41
0e
20
42
0e
18
42
0e
10
42
0e
08
46
0b
02
bf
0a
0e
28
41
0e
20
42
0e
18
42
0e
10
42
0e
08
4a
0b
00
00
94
00
00
00
08
07
00
00
44
9e
ff
ff
84
02
00
00
00
46
0e
10
8f
02
42
0e
18
8e
03
42
0e
20
8d
04
42
0e
28
8c
05
41
0e
30
86
06
41
0e
38
83
07
47
0e
60
78
0a
0e
38
41
0e
30
41
0e
28
42
0e
20
42
0e
18
42
0e
10
42
0e
08
49
0b
03
39
01
0a
0e
38
41
0e
30
41
0e
28
42
0e
20
42
0e
18
42
0e
10
42
0e
08
45
0b
02
74
0a
0e
38
44
0e
30
41
0e
28
42
0e
20
42
0e
18
42
0e
10
42
0e
08
47
0b
53
0a
0e
38
41
0e
30
41
0e
28
42
0e
20
42
0e
18
42
0e
10
42
0e
08
43
0b
00
00
00
18
00
00
00
a0
07
00
00
3c
a0
ff
ff
1a
00
00
00
00
48
0e
18
48
0e
20
49
0e
08
00
00
48
00
00
00
bc
07
00
00
40
a0
ff
ff
63
01
00
00
00
46
0e
10
8f
02
42
0e
18
8e
03
42
0e
20
8d
04
42
0e
28
8c
05
41
0e
30
86
06
43
0e
38
83
07
44
0e
a0
01
02
c2
0a
0e
38
44
0e
30
41
0e
28
42
0e
20
42
0e
18
42
0e
10
42
0e
08
45
0b
5c
00
00
00
08
08
00
00
64
a1
ff
ff
f3
2a
00
00
00
46
0e
10
8f
02
42
0e
18
8e
03
42
0e
20
8d
04
42
0e
28
8c
05
41
0e
30
86
06
41
0e
38
83
07
4a
0e
d0
01
03
18
05
0e
d8
01
4b
0e
e0
01
79
0e
d8
01
41
0e
d0
01
03
69
12
0a
0e
38
41
0e
30
41
0e
28
42
0e
20
42
0e
18
42
0e
10
42
0e
08
48
0b
00
48
00
00
00
68
08
00
00
04
cc
ff
ff
2c
0f
00
00
00
46
0e
10
8f
02
42
0e
18
8e
03
42
0e
20
8d
04
42
0e
28
8c
05
41
0e
30
86
06
41
0e
38
83
07
44
0e
50
03
a8
07
0a
0e
38
44
0e
30
41
0e
28
42
0e
20
42
0e
18
42
0e
10
42
0e
08
49
0b
48
00
00
00
b4
08
00
00
e8
da
ff
ff
a8
02
00
00
00
46
0e
10
8f
02
42
0e
18
8e
03
42
0e
20
8d
04
45
0e
28
8c
05
41
0e
30
86
06
44
0e
38
83
07
47
0e
40
03
a6
01
0a
0e
38
44
0e
30
41
0e
28
42
0e
20
42
0e
18
42
0e
10
42
0e
08
42
0b
48
00
00
00
00
09
00
00
4c
dd
ff
ff
48
01
00
00
00
46
0e
10
8f
02
42
0e
18
8e
03
42
0e
20
8d
04
42
0e
28
8c
05
41
0e
30
86
06
41
0e
38
83
07
44
0e
a0
01
02
95
0a
0e
38
44
0e
30
41
0e
28
42
0e
20
42
0e
18
42
0e
10
42
0e
08
44
0b
10
00
00
00
4c
09
00
00
50
de
ff
ff
13
00
00
00
00
00
00
00
10
00
00
00
60
09
00
00
5c
de
ff
ff
15
00
00
00
00
00
00
00
18
00
00
00
74
09
00
00
68
de
ff
ff
60
00
00
00
00
48
0e
20
02
52
0a
0e
08
41
0b
00
20
00
00
00
90
09
00
00
ac
de
ff
ff
60
00
00
00
00
46
0e
10
8c
02
52
0e
20
7d
0a
0e
10
45
0e
08
41
0b
00
00
10
00
00
00
b4
09
00
00
e8
de
ff
ff
07
00
00
00
00
00
00
00
28
00
00
00
c8
09
00
00
e4
de
ff
ff
aa
00
00
00
00
46
0e
10
8c
02
41
0e
18
86
03
44
0e
30
02
65
0a
0e
18
41
0e
10
42
0e
08
45
0b
00
10
00
00
00
f4
09
00
00
68
df
ff
ff
23
00
00
00
00
00
00
00
00
00
00
00
00
00
00
00
00
00
00
00
00
00
00
00
00
00
00
00
00
00
00
00
00
00
00
00
00
00
00
00
00
00
00
00
00
00
00
00
00
00
00
00
00
00
00
00
00
00
00
00
00
00
00
00
00
00
00
00
00
00
00
00
00
00
00
00
00
00
00
00
00
00
00
00
00
00
00
00
00
00
00
00
00
00
00
00
00
00
00
00
00
00
00
00
00
00
00
00
00
00
00
00
00
00
00
00
00
00
00
00
00
00
00
00
00
00
00
00
00
00
00
00
00
00
00
00
00
00
00
00
00
00
00
00
00
00
00
00
00
00
00
00
00
00
00
00
00
00
00
00
00
00
00
00
00
00
00
00
00
00
00
00
00
00
00
00
00
00
00
00
00
00
00
00
00
00
00
00
00
00
00
00
00
00
00
00
00
00
00
00
00
00
00
00
00
00
00
00
00
00
00
00
00
00
00
00
00
00
00
00
00
00
00
00
00
00
00
00
00
00
00
00
00
00
00
00
00
00
00
00
00
00
00
00
00
00
00
00
00
00
00
00
00
00
00
00
00
00
00
00
00
00
00
00
00
00
00
00
00
00
00
00
00
00
00
00
00
00
00
00
00
00
00
00
00
00
00
00
00
00
00
00
00
00
00
00
00
00
00
00
00
00
00
00
00
00
00
00
00
00
00
00
00
00
00
00
00
00
00
00
00
00
00
00
00
00
00
00
00
00
00
00
00
00
00
00
00
00
00
00
00
00
00
00
00
00
00
00
00
00
00
00
00
00
00
00
00
00
00
00
00
00
00
00
00
00
00
00
00
00
00
00
00
00
00
00
00
00
00
00
00
00
00
00
00
00
00
00
00
00
00
00
00
00
00
00
00
00
00
00
00
00
00
00
00
00
00
00
00
00
00
00
00
00
00
00
00
00
00
00
00
00
00
00
00
00
00
00
00
00
00
00
00
00
00
00
00
00
00
00
00
00
00
00
00
00
00
00
00
00
00
00
00
00
00
00
00
00
00
00
00
00
00
00
00
00
00
00
00
00
00
00
00
00
00
00
00
00
00
00
00
00
00
00
00
00
00
00
00
00
00
00
00
00
00
00
00
00
00
00
00
00
00
00
00
00
00
00
00
00
00
00
00
00
00
00
00
00
00
00
00
00
00
00
00
00
00
00
00
00
00
00
00
00
00
00
00
00
00
00
00
00
00
00
00
00
00
00
00
00
00
00
00
00
00
00
00
00
00
00
00
00
00
00
00
00
00
00
00
00
00
00
00
00
00
00
00
00
00
00
00
00
00
00
00
00
00
00
00
00
00
00
00
00
00
00
00
00
00
00
00
00
00
00
00
00
00
00
00
00
00
00
00
00
00
00
00
00
00
00
00
00
00
00
00
00
00
00
00
00
00
00
00
00
00
00
00
00
00
00
00
00
00
00
00
00
00
00
00
00
00
00
00
00
00
00
00
00
00
00
00
00
00
00
00
00
00
00
00
00
00
00
00
00
00
00
00
00
00
00
00
00
00
00
00
00
00
00
00
00
00
00
00
00
00
00
00
00
00
00
00
00
00
00
00
00
00
00
00
00
00
00
00
00
00
00
00
00
00
00
00
00
00
00
00
00
00
00
00
00
00
00
00
00
00
00
00
00
00
00
00
00
00
00
00
00
00
00
00
00
00
00
00
00
00
00
00
00
00
00
00
00
00
00
00
00
00
00
00
00
00
00
00
00
00
00
00
00
00
00
00
00
00
00
00
00
00
00
00
00
00
00
00
00
00
00
00
00
00
00
00
00
00
00
00
00
00
00
00
00
00
00
00
00
00
00
00
00
00
00
00
00
00
00
00
00
00
00
00
00
00
00
00
00
00
00
00
00
00
00
00
00
00
00
00
00
00
00
00
00
00
00
00
00
00
00
00
00
00
00
00
00
00
00
00
00
00
00
00
00
00
00
00
00
00
00
00
00
00
00
00
00
00
00
00
00
00
00
00
00
00
00
00
00
00
00
00
00
00
00
00
00
00
00
00
00
00
00
00
00
00
00
00
00
00
00
00
00
00
00
00
00
00
00
00
00
00
00
00
00
00
00
00
00
00
00
00
00
00
00
00
00
00
00
00
00
00
00
00
00
00
00
00
00
00
00
00
00
00
00
00
00
00
00
00
00
00
00
00
00
00
00
00
00
00
00
00
00
00
00
00
00
00
00
00
00
00
00
00
00
00
00
00
00
00
00
00
00
00
00
00
00
00
00
00
00
00
00
00
00
00
00
00
00
00
00
00
00
00
00
00
00
00
00
00
00
00
00
00
00
00
00
00
00
00
00
00
00
00
00
00
00
00
00
00
00
00
00
00
00
00
00
00
00
00
00
00
00
00
00
00
00
00
00
00
00
00
00
00
00
00
00
00
00
00
00
00
00
00
00
00
00
00
00
00
00
00
00
00
00
00
00
00
00
00
00
00
00
00
00
00
00
00
00
00
00
00
00
00
00
00
00
00
00
00
00
00
00
00
00
00
00
00
00
00
00
00
00
00
00
00
00
00
00
00
00
00
00
00
00
00
00
00
00
00
00
00
00
00
00
00
00
00
00
00
00
00
00
00
00
00
00
00
00
00
00
00
00
00
00
00
00
00
00
00
00
00
00
00
00
00
00
00
00
00
00
00
00
00
00
00
00
00
00
00
00
00
00
00
00
00
00
00
00
00
00
00
00
00
00
00
00
00
00
00
00
00
00
00
00
00
00
00
00
00
00
00
00
00
00
00
00
00
00
00
00
00
00
00
00
00
00
00
00
00
00
00
00
00
00
00
00
00
00
00
00
00
00
00
00
00
00
00
00
00
00
00
00
00
00
00
00
00
00
00
00
00
00
00
00
00
00
00
00
00
00
00
00
00
00
00
00
00
00
00
00
00
00
00
00
00
00
00
00
00
00
00
00
00
00
00
00
00
00
00
00
00
00
00
00
00
00
00
00
00
00
00
00
00
00
00
00
00
00
00
00
00
00
00
00
00
00
00
00
00
00
00
00
00
00
00
00
00
00
00
00
00
00
00
00
00
00
00
00
00
00
00
00
00
00
00
00
00
00
00
00
00
00
00
00
00
00
00
00
00
00
00
00
00
00
00
00
00
00
00
00
00
00
00
00
00
00
00
00
00
00
00
00
00
00
00
00
00
00
00
00
00
00
00
00
00
00
00
00
00
00
00
00
00
00
00
00
00
00
00
00
00
00
00
00
00
00
00
00
00
00
00
00
00
00
00
00
00
00
00
00
00
00
00
00
00
00
00
00
00
00
00
00
00
00
00
00
00
00
00
00
00
00
00
00
00
00
00
00
00
00
00
00
00
00
00
00
00
00
00
00
00
00
00
00
00
00
00
00
00
00
00
00
00
00
00
00
00
00
00
00
00
00
00
00
00
00
00
00
00
00
00
00
00
00
00
00
00
00
00
00
00
00
00
00
00
00
00
00
00
00
00
00
00
00
00
00
00
00
00
00
00
00
00
00
00
00
00
00
00
00
00
00
00
00
00
00
00
00
00
00
00
00
00
00
00
00
00
00
00
00
00
00
00
00
00
00
00
00
00
00
00
00
00
00
00
00
00
00
00
00
00
00
00
00
00
00
00
00
00
00
00
00
00
00
00
00
00
00
00
00
00
00
00
00
00
00
00
00
00
00
00
00
00
00
00
00
00
00
00
00
00
00
00
00
00
00
00
00
00
00
00
00
00
00
00
00
00
00
00
00
00
00
00
00
00
00
00
00
00
00
00
00
00
00
00
00
00
00
00
00
00
00
00
00
00
00
00
00
00
00
00
00
00
00
00
00
00
00
00
00
00
00
00
00
00
00
00
00
00
00
30
83
9f
1b
3c
7f
00
00
f0
82
9f
1b
3c
7f
00
00
d8
50
a0
1b
3c
7f
00
00
db
50
a0
1b
3c
7f
00
00
ea
50
a0
1b
3c
7f
00
00
f6
50
a0
1b
3c
7f
00
00
00
51
a0
1b
3c
7f
00
00
0b
51
a0
1b
3c
7f
00
00
1c
51
a0
1b
3c
7f
00
00
25
51
a0
1b
3c
7f
00
00
34
51
a0
1b
3c
7f
00
00
41
51
a0
1b
3c
7f
00
00
4e
51
a0
1b
3c
7f
00
00
4e
51
a0
1b
3c
7f
00
00
4e
51
a0
1b
3c
7f
00
00
4e
51
a0
1b
3c
7f
00
00
4e
51
a0
1b
3c
7f
00
00
4e
51
a0
1b
3c
7f
00
00
01
00
00
00
00
00
00
00
3b
03
00
00
00
00
00
00
0e
00
00
00
00
00
00
00
45
03
00
00
00
00
00
00
0c
00
00
00
00
00
00
00
00
20
00
00
00
00
00
00
0d
00
00
00
00
00
00
00
64
e5
00
00
00
00
00
00
19
00
00
00
00
00
00
00
90
1c
01
00
00
00
00
00
1b
00
00
00
00
00
00
00
08
00
00
00
00
00
00
00
1a
00
00
00
00
00
00
00
98
1c
01
00
00
00
00
00
1c
00
00
00
00
00
00
00
08
00
00
00
00
00
00
00
f5
fe
ff
6f
00
00
00
00
f0
62
9f
1b
3c
7f
00
00
05
00
00
00
00
00
00
00
a8
69
9f
1b
3c
7f
00
00
06
00
00
00
00
00
00
00
f0
63
9f
1b
3c
7f
00
00
0a
00
00
00
00
00
00
00
7f
03
00
00
00
00
00
00
0b
00
00
00
00
00
00
00
18
00
00
00
00
00
00
00
03
00
00
00
00
00
00
00
10
7f
a0
1b
3c
7f
00
00
02
00
00
00
00
00
00
00
b0
01
00
00
00
00
00
00
14
00
00
00
00
00
00
00
07
00
00
00
00
00
00
00
17
00
00
00
00
00
00
00
98
70
9f
1b
3c
7f
00
00
07
00
00
00
00
00
00
00
f8
6d
9f
1b
3c
7f
00
00
08
00
00
00
00
00
00
00
a0
02
00
00
00
00
00
00
09
00
00
00
00
00
00
00
18
00
00
00
00
00
00
00
1e
00
00
00
00
00
00
00
08
00
00
00
00
00
00
00
fb
ff
ff
6f
00
00
00
00
01
00
00
00
00
00
00
00
fe
ff
ff
6f
00
00
00
00
a8
0d
00
00
00
00
00
00
ff
ff
ff
6f
00
00
00
00
01
00
00
00
00
00
00
00
f0
ff
ff
6f
00
00
00
00
28
6d
9f
1b
3c
7f
00
00
f9
ff
ff
6f
00
00
00
00
13
00
00
00
00
00
00
00
00
00
00
00
00
00
00
00
00
00
00
00
00
00
00
00
00
00
00
00
00
00
00
00
00
00
00
00
00
00
00
00
00
00
00
00
00
00
00
00
00
00
00
00
00
00
00
00
00
00
00
00
00
00
00
00
00
00
00
00
00
00
00
00
00
00
00
00
00
00
00
00
00
00
00
00
00
00
00
00
20
1d
01
00
00
00
00
00
00
00
00
00
00
00
00
00
00
00
00
00
00
00
00
00
e0
33
c0
1b
3c
7f
00
00
50
54
be
1b
3c
7f
00
00
30
db
bd
1b
3c
7f
00
00
70
cc
bd
1b
3c
7f
00
00
50
45
c9
1b
3c
7f
00
00
80
ef
cf
1b
3c
7f
00
00
c0
59
be
1b
3c
7f
00
00
50
55
be
1b
3c
7f
00
00
30
d6
bd
1b
3c
7f
00
00
a0
30
c0
1b
3c
7f
00
00
30
d1
bd
1b
3c
7f
00
00
e0
f7
bd
1b
3c
7f
00
00
50
ce
bd
1b
3c
7f
00
00
c0
e7
cf
1b
3c
7f
00
00
f0
35
ba
1b
3c
7f
00
00
20
df
bd
1b
3c
7f
00
00
70
2c
c9
1b
3c
7f
00
00
60
83
b9
1b
3c
7f
00
00
00
00
00
00
00
00
00
00
68
98
d7
1b
3c
7f
00
00
70
98
d7
1b
3c
7f
00
00
20
80
a0
1b
3c
7f
00
00
20
84
a0
1b
3c
7f
00
00
00
00
00
00
00
00
00
00
00
00
00
00
00
00
00
00
a0
39
ba
1b
3c
7f
00
00
60
98
d7
1b
3c
7f
00
00
