7f
45
4c
46
02
01
01
00
00
00
00
00
00
00
00
00
03
00
3e
00
01
00
00
00
00
00
00
00
00
00
00
00
40
00
00
00
00
00
00
00
a0
e1
01
00
00
00
00
00
00
00
00
00
40
00
38
00
0b
00
40
00
1d
00
1c
00
01
00
00
00
04
00
00
00
00
00
00
00
00
00
00
00
00
00
00
00
00
00
00
00
00
00
00
00
00
00
00
00
80
1e
00
00
00
00
00
00
80
1e
00
00
00
00
00
00
00
10
00
00
00
00
00
00
01
00
00
00
05
00
00
00
00
20
00
00
00
00
00
00
00
20
00
00
00
00
00
00
00
20
00
00
00
00
00
00
e1
8a
01
00
00
00
00
00
e1
8a
01
00
00
00
00
00
00
10
00
00
00
00
00
00
01
00
00
00
04
00
00
00
00
b0
01
00
00
00
00
00
00
b0
01
00
00
00
00
00
00
b0
01
00
00
00
00
00
d0
1e
00
00
00
00
00
00
d0
1e
00
00
00
00
00
00
00
10
00
00
00
00
00
00
01
00
00
00
06
00
00
00
50
dd
01
00
00
00
00
00
50
ed
01
00
00
00
00
00
50
ed
01
00
00
00
00
00
08
03
00
00
00
00
00
00
10
03
00
00
00
00
00
00
00
10
00
00
00
00
00
00
02
00
00
00
06
00
00
00
08
de
01
00
00
00
00
00
08
ee
01
00
00
00
00
00
08
ee
01
00
00
00
00
00
d0
01
00
00
00
00
00
00
d0
01
00
00
00
00
00
00
08
00
00
00
00
00
00
00
04
00
00
00
04
00
00
00
a8
02
00
00
00
00
00
00
a8
02
00
00
00
00
00
00
a8
02
00
00
00
00
00
00
20
00
00
00
00
00
00
00
20
00
00
00
00
00
00
00
08
00
00
00
00
00
00
00
04
00
00
00
04
00
00
00
c8
02
00
00
00
00
00
00
c8
02
00
00
00
00
00
00
c8
02
00
00
00
00
00
00
24
00
00
00
00
00
00
00
24
00
00
00
00
00
00
00
04
00
00
00
00
00
00
00
53
e5
74
64
04
00
00
00
a8
02
00
00
00
00
00
00
a8
02
00
00
00
00
00
00
a8
02
00
00
00
00
00
00
20
00
00
00
00
00
00
00
20
00
00
00
00
00
00
00
08
00
00
00
00
00
00
00
50
e5
74
64
04
00
00
00
bc
b3
01
00
00
00
00
00
bc
b3
01
00
00
00
00
00
bc
b3
01
00
00
00
00
00
f4
03
00
00
00
00
00
00
f4
03
00
00
00
00
00
00
04
00
00
00
00
00
00
00
51
e5
74
64
06
00
00
00
00
00
00
00
00
00
00
00
00
00
00
00
00
00
00
00
00
00
00
00
00
00
00
00
00
00
00
00
00
00
00
00
00
00
00
00
00
00
00
00
10
00
00
00
00
00
00
00
52
e5
74
64
04
00
00
00
50
dd
01
00
00
00
00
00
50
ed
01
00
00
00
00
00
50
ed
01
00
00
00
00
00
b0
02
00
00
00
00
00
00
b0
02
00
00
00
00
00
00
01
00
00
00
00
00
00
00
04
00
00
00
10
00
00
00
05
00
00
00
47
4e
55
00
02
00
00
c0
04
00
00
00
03
00
00
00
00
00
00
00
04
00
00
00
14
00
00
00
03
00
00
00
47
4e
55
00
a8
59
71
85
1c
d0
59
f1
af
80
d5
53
c8
e7
17
0d
42
ec
59
a1
00
00
00
00
61
00
00
00
0c
00
00
00
10
00
00
00
0a
00
00
00
02
8c
21
80
11
44
c2
05
04
a0
05
44
00
00
80
00
00
25
20
46
00
d2
e8
21
40
08
90
41
00
00
08
08
90
00
14
10
14
00
03
0c
48
25
00
03
20
26
12
d8
10
00
00
01
80
02
08
12
40
01
a0
00
04
22
10
04
00
20
22
51
40
00
00
62
00
02
08
80
11
c8
00
88
00
06
02
04
02
10
8e
00
20
01
02
00
ca
00
48
30
48
84
40
04
00
24
80
2a
00
20
26
00
00
00
40
0a
82
40
80
00
40
08
18
20
04
0e
02
08
84
05
10
40
00
00
00
00
00
00
00
00
0c
00
00
00
0d
00
00
00
0f
00
00
00
10
00
00
00
11
00
00
00
00
00
00
00
12
00
00
00
13
00
00
00
00
00
00
00
14
00
00
00
00
00
00
00
17
00
00
00
00
00
00
00
18
00
00
00
00
00
00
00
19
00
00
00
1a
00
00
00
1b
00
00
00
00
00
00
00
1d
00
00
00
00
00
00
00
00
00
00
00
1e
00
00
00
00
00
00
00
1f
00
00
00
21
00
00
00
22
00
00
00
00
00
00
00
23
00
00
00
00
00
00
00
24
00
00
00
26
00
00
00
27
00
00
00
29
00
00
00
00
00
00
00
2a
00
00
00
2b
00
00
00
00
00
00
00
00
00
00
00
2c
00
00
00
00
00
00
00
2d
00
00
00
2f
00
00
00
30
00
00
00
00
00
00
00
31
00
00
00
00
00
00
00
34
00
00
00
00
00
00
00
00
00
00
00
35
00
00
00
36
00
00
00
37
00
00
00
3a
00
00
00
3c
00
00
00
00
00
00
00
3e
00
00
00
00
00
00
00
00
00
00
00
40
00
00
00
42
00
00
00
43
00
00
00
00
00
00
00
46
00
00
00
48
00
00
00
4b
00
00
00
00
00
00
00
4c
00
00
00
4d
00
00
00
4f
00
00
00
00
00
00
00
50
00
00
00
53
00
00
00
55
00
00
00
00
00
00
00
00
00
00
00
56
00
00
00
00
00
00
00
00
00
00
00
59
00
00
00
00
00
00
00
5b
00
00
00
5d
00
00
00
5e
00
00
00
5f
00
00
00
61
00
00
00
63
00
00
00
66
00
00
00
67
00
00
00
69
00
00
00
6a
00
00
00
6b
00
00
00
6c
00
00
00
00
00
00
00
00
00
00
00
5f
48
a8
9d
d4
5c
38
72
b5
f7
7e
5b
5b
34
d2
12
ad
46
19
d4
e7
9a
69
4b
af
b0
d0
01
7b
95
59
e7
3a
d8
83
5a
54
37
73
d9
b7
d8
4e
b7
7f
21
bd
6c
07
e9
a8
30
c7
e9
14
24
9f
68
55
85
7a
f1
f6
b0
4d
21
b1
61
43
a5
e4
1f
11
04
89
9e
fc
da
f1
d8
a7
cd
b9
b1
95
28
4c
fe
27
72
f4
89
b3
5f
bc
f1
ca
ab
02
e1
af
d4
f6
42
e9
d1
61
a0
50
4b
cd
21
2d
5b
ef
38
c9
e9
b7
a6
3b
51
d7
74
0b
c4
41
54
fb
cc
f0
90
e2
55
47
b5
7b
92
9b
fe
3d
46
1b
b8
49
ae
a4
3e
bc
a4
67
67
7e
65
db
6b
27
9a
a3
52
bd
61
5a
c5
31
c1
bc
36
c9
f6
1a
0a
14
c4
94
62
d8
2c
8f
a7
e7
46
2d
b5
0c
7a
66
a4
2f
dc
65
65
24
ed
d6
b4
23
49
f7
ab
6e
82
fa
53
59
29
67
7e
20
2c
c6
21
07
0f
59
60
7b
37
39
9e
74
a9
2d
b5
98
cc
38
f6
8f
af
bb
1a
c8
47
0b
a5
e9
9f
38
37
0e
7c
aa
3e
a8
11
52
30
79
db
50
53
cb
d3
19
c0
8b
6a
55
59
e2
d3
90
c5
c3
8b
2f
42
0f
2b
5b
cf
f2
86
7a
0c
c4
8e
17
92
ab
9b
2e
62
7e
4e
80
57
b3
26
03
da
81
1f
d8
14
58
c5
7d
ff
38
a8
4b
1f
0b
90
30
94
46
b5
52
6f
e3
6f
2e
85
36
ab
85
3f
1b
f7
48
98
39
ef
c3
cd
b3
86
e8
f4
fe
27
fd
ab
39
fa
ca
33
42
dc
8d
c9
89
e0
51
fe
04
71
f3
d3
50
3c
91
8d
b1
de
6a
2e
df
18
f8
41
a6
e5
5c
63
0d
62
5c
a5
8d
64
52
61
6f
7e
77
97
3d
56
c5
33
ed
5d
15
6d
00
00
00
00
00
00
00
00
00
00
00
00
00
00
00
00
00
00
00
00
00
00
00
00
75
01
00
00
12
00
00
00
00
00
00
00
00
00
00
00
00
00
00
00
00
00
00
00
10
00
00
00
20
00
00
00
00
00
00
00
00
00
00
00
00
00
00
00
00
00
00
00
5d
00
00
00
12
00
00
00
00
00
00
00
00
00
00
00
00
00
00
00
00
00
00
00
ca
00
00
00
12
00
00
00
00
00
00
00
00
00
00
00
00
00
00
00
00
00
00
00
4e
02
00
00
12
00
00
00
00
00
00
00
00
00
00
00
00
00
00
00
00
00
00
00
01
00
00
00
20
00
00
00
00
00
00
00
00
00
00
00
00
00
00
00
00
00
00
00
6e
00
00
00
12
00
00
00
00
00
00
00
00
00
00
00
00
00
00
00
00
00
00
00
3a
01
00
00
12
00
00
00
00
00
00
00
00
00
00
00
00
00
00
00
00
00
00
00
55
00
00
00
12
00
00
00
00
00
00
00
00
00
00
00
00
00
00
00
00
00
00
00
2c
00
00
00
20
00
00
00
00
00
00
00
00
00
00
00
00
00
00
00
00
00
00
00
46
00
00
00
22
00
00
00
00
00
00
00
00
00
00
00
00
00
00
00
00
00
00
00
9b
06
00
00
12
00
0e
00
70
9d
01
00
00
00
00
00
8c
00
00
00
00
00
00
00
21
08
00
00
12
00
0e
00
e0
a8
01
00
00
00
00
00
0c
00
00
00
00
00
00
00
13
01
00
00
12
00
0e
00
f0
4e
00
00
00
00
00
00
25
0c
00
00
00
00
00
00
54
06
00
00
12
00
0e
00
a0
9c
01
00
00
00
00
00
0a
00
00
00
00
00
00
00
66
01
00
00
12
00
0e
00
e0
5b
00
00
00
00
00
00
23
00
00
00
00
00
00
00
07
06
00
00
12
00
0e
00
c0
f3
00
00
00
00
00
00
4a
01
00
00
00
00
00
00
fe
00
00
00
12
00
0e
00
e0
4e
00
00
00
00
00
00
0f
00
00
00
00
00
00
00
dc
03
00
00
12
00
0e
00
70
b5
00
00
00
00
00
00
0a
00
00
00
00
00
00
00
d2
02
00
00
12
00
0e
00
e0
b3
00
00
00
00
00
00
40
00
00
00
00
00
00
00
98
02
00
00
12
00
0e
00
10
a1
00
00
00
00
00
00
6a
0a
00
00
00
00
00
00
ec
00
00
00
12
00
0e
00
60
4e
00
00
00
00
00
00
71
00
00
00
00
00
00
00
15
02
00
00
12
00
0e
00
60
a0
00
00
00
00
00
00
09
00
00
00
00
00
00
00
12
06
00
00
12
00
0e
00
10
f5
00
00
00
00
00
00
b3
00
00
00
00
00
00
00
1d
07
00
00
12
00
0e
00
10
a2
01
00
00
00
00
00
0a
00
00
00
00
00
00
00
29
01
00
00
12
00
0e
00
20
5b
00
00
00
00
00
00
2b
00
00
00
00
00
00
00
87
00
00
00
12
00
0e
00
b0
3b
00
00
00
00
00
00
0c
00
00
00
00
00
00
00
a2
05
00
00
12
00
0e
00
50
cc
00
00
00
00
00
00
31
00
00
00
00
00
00
00
7d
07
00
00
12
00
0e
00
90
a3
01
00
00
00
00
00
42
00
00
00
00
00
00
00
bb
07
00
00
12
00
0e
00
d0
a7
01
00
00
00
00
00
71
00
00
00
00
00
00
00
0e
07
00
00
12
00
0e
00
50
a1
01
00
00
00
00
00
bd
00
00
00
00
00
00
00
23
06
00
00
12
00
0e
00
d0
f5
00
00
00
00
00
00
12
02
00
00
00
00
00
00
e0
05
00
00
12
00
0e
00
f0
ee
00
00
00
00
00
00
0e
00
00
00
00
00
00
00
4a
08
00
00
12
00
0e
00
f0
a8
01
00
00
00
00
00
09
00
00
00
00
00
00
00
68
04
00
00
12
00
0e
00
40
b6
00
00
00
00
00
00
0a
00
00
00
00
00
00
00
59
07
00
00
12
00
0e
00
10
a3
01
00
00
00
00
00
23
00
00
00
00
00
00
00
ac
04
00
00
12
00
0e
00
a0
ba
00
00
00
00
00
00
42
00
00
00
00
00
00
00
8a
06
00
00
12
00
0e
00
10
9d
01
00
00
00
00
00
51
00
00
00
00
00
00
00
af
01
00
00
12
00
0e
00
e0
85
00
00
00
00
00
00
fa
06
00
00
00
00
00
00
e6
07
00
00
12
00
0e
00
c0
a8
01
00
00
00
00
00
0c
00
00
00
00
00
00
00
bb
03
00
00
12
00
0e
00
60
b5
00
00
00
00
00
00
09
00
00
00
00
00
00
00
6a
02
00
00
12
00
0e
00
c0
a0
00
00
00
00
00
00
27
00
00
00
00
00
00
00
82
04
00
00
12
00
0e
00
50
b6
00
00
00
00
00
00
28
00
00
00
00
00
00
00
76
05
00
00
12
00
0e
00
b0
ca
00
00
00
00
00
00
65
01
00
00
00
00
00
00
99
00
00
00
12
00
0e
00
c0
3b
00
00
00
00
00
00
2d
00
00
00
00
00
00
00
41
06
00
00
12
00
0e
00
f0
f7
00
00
00
00
00
00
71
01
00
00
00
00
00
00
ca
04
00
00
12
00
0e
00
f0
ba
00
00
00
00
00
00
33
00
00
00
00
00
00
00
46
04
00
00
12
00
0e
00
10
b6
00
00
00
00
00
00
16
00
00
00
00
00
00
00
4c
07
00
00
12
00
0e
00
50
a2
01
00
00
00
00
00
b4
00
00
00
00
00
00
00
03
08
00
00
12
00
0e
00
d0
a8
01
00
00
00
00
00
09
00
00
00
00
00
00
00
5b
03
00
00
12
00
0e
00
a0
b4
00
00
00
00
00
00
47
00
00
00
00
00
00
00
d2
08
00
00
12
00
0e
00
f0
a9
01
00
00
00
00
00
44
00
00
00
00
00
00
00
a2
01
00
00
12
00
0e
00
50
85
00
00
00
00
00
00
8d
00
00
00
00
00
00
00
56
05
00
00
12
00
0e
00
00
bc
00
00
00
00
00
00
90
00
00
00
00
00
00
00
b3
08
00
00
12
00
0e
00
70
a9
01
00
00
00
00
00
31
00
00
00
00
00
00
00
74
08
00
00
12
00
0e
00
00
a9
01
00
00
00
00
00
53
00
00
00
00
00
00
00
c2
08
00
00
12
00
0e
00
b0
a9
01
00
00
00
00
00
3d
00
00
00
00
00
00
00
ac
03
00
00
12
00
0e
00
50
b5
00
00
00
00
00
00
09
00
00
00
00
00
00
00
96
03
00
00
12
00
0e
00
00
b5
00
00
00
00
00
00
47
00
00
00
00
00
00
00
a4
07
00
00
12
00
0e
00
e0
a3
01
00
00
00
00
00
26
00
00
00
00
00
00
00
88
05
00
00
12
00
0e
00
20
cc
00
00
00
00
00
00
24
00
00
00
00
00
00
00
f3
01
00
00
12
00
0e
00
80
99
00
00
00
00
00
00
d6
06
00
00
00
00
00
00
12
04
00
00
12
00
0e
00
b0
b5
00
00
00
00
00
00
0c
00
00
00
00
00
00
00
df
01
00
00
12
00
0e
00
f0
93
00
00
00
00
00
00
90
05
00
00
00
00
00
00
72
03
00
00
12
00
0e
00
f0
b4
00
00
00
00
00
00
0f
00
00
00
00
00
00
00
87
01
00
00
12
00
0e
00
d0
5c
00
00
00
00
00
00
55
28
00
00
00
00
00
00
d6
07
00
00
12
00
0e
00
50
a8
01
00
00
00
00
00
61
00
00
00
00
00
00
00
09
09
00
00
12
00
0e
00
90
aa
01
00
00
00
00
00
41
00
00
00
00
00
00
00
ed
08
00
00
12
00
0e
00
40
aa
01
00
00
00
00
00
41
00
00
00
00
00
00
00
f0
02
00
00
12
00
0e
00
20
b4
00
00
00
00
00
00
25
00
00
00
00
00
00
00
d1
00
00
00
12
00
0e
00
40
3c
00
00
00
00
00
00
18
12
00
00
00
00
00
00
34
04
00
00
12
00
0e
00
d0
b5
00
00
00
00
00
00
32
00
00
00
00
00
00
00
66
06
00
00
12
00
0e
00
b0
9c
01
00
00
00
00
00
2d
00
00
00
00
00
00
00
35
07
00
00
12
00
0e
00
20
a2
01
00
00
00
00
00
2b
00
00
00
00
00
00
00
27
04
00
00
12
00
0e
00
c0
b5
00
00
00
00
00
00
0e
00
00
00
00
00
00
00
58
04
00
00
12
00
0e
00
30
b6
00
00
00
00
00
00
0a
00
00
00
00
00
00
00
7a
01
00
00
12
00
0e
00
10
5c
00
00
00
00
00
00
b6
00
00
00
00
00
00
00
37
02
00
00
12
00
0e
00
70
a0
00
00
00
00
00
00
13
00
00
00
00
00
00
00
ab
00
00
00
12
00
0e
00
f0
3b
00
00
00
00
00
00
0a
00
00
00
00
00
00
00
94
04
00
00
12
00
0e
00
00
ba
00
00
00
00
00
00
92
00
00
00
00
00
00
00
c6
06
00
00
12
00
0e
00
40
9e
01
00
00
00
00
00
6c
00
00
00
00
00
00
00
64
07
00
00
12
00
0e
00
40
a3
01
00
00
00
00
00
4d
00
00
00
00
00
00
00
b1
05
00
00
12
00
0e
00
90
cc
00
00
00
00
00
00
f1
00
00
00
00
00
00
00
07
04
00
00
12
00
0e
00
a0
b5
00
00
00
00
00
00
09
00
00
00
00
00
00
00
c2
05
00
00
12
00
0e
00
50
eb
00
00
00
00
00
00
91
03
00
00
00
00
00
00
b4
06
00
00
12
00
0e
00
00
9e
01
00
00
00
00
00
3b
00
00
00
00
00
00
00
f9
04
00
00
12
00
0e
00
60
bb
00
00
00
00
00
00
3f
00
00
00
00
00
00
00
29
03
00
00
12
00
0e
00
60
b4
00
00
00
00
00
00
2e
00
00
00
00
00
00
00
19
05
00
00
12
00
0e
00
a0
bb
00
00
00
00
00
00
3f
00
00
00
00
00
00
00
0e
03
00
00
12
00
0e
00
50
b4
00
00
00
00
00
00
09
00
00
00
00
00
00
00
79
06
00
00
12
00
0e
00
e0
9c
01
00
00
00
00
00
23
00
00
00
00
00
00
00
51
01
00
00
12
00
0e
00
60
5b
00
00
00
00
00
00
7a
00
00
00
00
00
00
00
7e
02
00
00
12
00
0e
00
f0
a0
00
00
00
00
00
00
1f
00
00
00
00
00
00
00
f3
05
00
00
12
00
0e
00
00
f0
00
00
00
00
00
00
bd
03
00
00
00
00
00
00
36
03
00
00
12
00
0e
00
90
b4
00
00
00
00
00
00
0f
00
00
00
00
00
00
00
66
05
00
00
12
00
0e
00
90
bc
00
00
00
00
00
00
1a
0e
00
00
00
00
00
00
ec
06
00
00
12
00
0e
00
40
a1
01
00
00
00
00
00
0f
00
00
00
00
00
00
00
e6
04
00
00
12
00
0e
00
30
bb
00
00
00
00
00
00
27
00
00
00
00
00
00
00
b5
02
00
00
12
00
0e
00
80
ab
00
00
00
00
00
00
52
08
00
00
00
00
00
00
55
02
00
00
12
00
0e
00
90
a0
00
00
00
00
00
00
23
00
00
00
00
00
00
00
