d0
cd
00
00
00
00
00
00
40
ea
af
1b
3c
7f
00
00
30
ad
6b
20
3c
7f
00
00
30
a0
a0
1b
3c
7f
00
00
40
a0
a0
1b
3c
7f
00
00
50
a0
a0
1b
3c
7f
00
00
60
a0
a0
1b
3c
7f
00
00
70
a0
a0
1b
3c
7f
00
00
80
a0
a0
1b
3c
7f
00
00
90
a0
a0
1b
3c
7f
00
00
a0
a0
a0
1b
3c
7f
00
00
58
60
a1
1b
3c
7f
00
00
00
00
00
00
00
00
00
00
2f
64
65
62
75
67
2f
2e
64
77
7a
2f
78
38
36
5f
36
34
2d
6c
69
6e
75
78
2d
67
6e
75
2f
6c
69
62
62
72
6f
74
6c
69
31
2e
64
65
62
75
67
00
2b
69
43
2c
95
99
45
c4
5a
42
6d
a8
e6
99
5e
b7
18
fd
a7
ab
00
00
31
66
33
39
30
64
64
36
65
32
34
64
34
39
36
38
34
64
62
38
62
32
34
34
33
64
30
38
32
33
37
39
65
38
65
39
37
37
2e
64
65
62
75
67
00
00
00
00
72
06
a5
d6
00
2e
73
68
73
74
72
74
61
62
00
2e
6e
6f
74
65
2e
67
6e
75
2e
70
72
6f
70
65
72
74
79
00
2e
6e
6f
74
65
2e
67
6e
75
2e
62
75
69
6c
64
2d
69
64
00
2e
67
6e
75
2e
68
61
73
68
00
2e
64
79
6e
73
79
6d
00
2e
64
79
6e
73
74
72
00
2e
67
6e
75
2e
76
65
72
73
69
6f
6e
00
2e
67
6e
75
2e
76
65
72
73
69
6f
6e
5f
72
00
2e
72
65
6c
61
2e
64
79
6e
00
2e
72
65
6c
61
2e
70
6c
74
00
2e
69
6e
69
74
00
2e
70
6c
74
2e
67
6f
74
00
2e
70
6c
74
2e
73
65
63
00
2e
74
65
78
74
00
2e
66
69
6e
69
00
2e
72
6f
64
61
74
61
00
2e
65
68
5f
66
72
61
6d
65
5f
68
64
72
00
2e
65
68
5f
66
72
61
6d
65
00
2e
69
6e
69
74
5f
61
72
72
61
79
00
2e
66
69
6e
69
5f
61
72
72
61
79
00
2e
64
79
6e
61
6d
69
63
00
2e
67
6f
74
2e
70
6c
74
00
2e
64
61
74
61
00
2e
62
73
73
00
2e
67
6e
75
5f
64
65
62
75
67
61
6c
74
6c
69
6e
6b
00
2e
67
6e
75
5f
64
65
62
75
67
6c
69
6e
6b
00
00
00
00
00
00
00
00
00
00
00
00
00
00
00
00
00
00
00
00
00
00
00
00
00
00
00
00
00
00
00
00
00
00
00
00
00
00
00
00
00
00
00
00
00
00
00
00
00
00
00
00
00
00
00
00
00
00
00
00
00
00
00
00
00
00
00
00
0b
00
00
00
07
00
00
00
02
00
00
00
00
00
00
00
a8
02
00
00
00
00
00
00
a8
02
00
00
00
00
00
00
20
00
00
00
00
00
00
00
00
00
00
00
00
00
00
00
08
00
00
00
00
00
00
00
00
00
00
00
00
00
00
00
1e
00
00
00
07
00
00
00
02
00
00
00
00
00
00
00
c8
02
00
00
00
00
00
00
c8
02
00
00
00
00
00
00
24
00
00
00
00
00
00
00
00
00
00
00
00
00
00
00
04
00
00
00
00
00
00
00
00
00
00
00
00
00
00
00
31
00
00
00
f6
ff
ff
6f
02
00
00
00
00
00
00
00
f0
02
00
00
00
00
00
00
f0
02
00
00
00
00
00
00
5c
00
00
00
00
00
00
00
04
00
00
00
00
00
00
00
08
00
00
00
00
00
00
00
00
00
00
00
00
00
00
00
3b
00
00
00
0b
00
00
00
02
00
00
00
00
00
00
00
50
03
00
00
00
00
00
00
50
03
00
00
00
00
00
00
b8
02
00
00
00
00
00
00
05
00
00
00
01
00
00
00
08
00
00
00
00
00
00
00
18
00
00
00
00
00
00
00
43
00
00
00
03
00
00
00
02
00
00
00
00
00
00
00
08
06
00
00
00
00
00
00
08
06
00
00
00
00
00
00
e4
02
00
00
00
00
00
00
00
00
00
00
00
00
00
00
01
00
00
00
00
00
00
00
00
00
00
00
00
00
00
00
4b
00
00
00
ff
ff
ff
6f
02
00
00
00
00
00
00
00
ec
08
00
00
00
00
00
00
ec
08
00
00
00
00
00
00
3a
00
00
00
00
00
00
00
04
00
00
00
00
00
00
00
02
00
00
00
00
00
00
00
02
00
00
00
00
00
00
00
58
00
00
00
fe
ff
ff
6f
02
00
00
00
00
00
00
00
28
09
00
00
00
00
00
00
28
09
00
00
00
00
00
00
40
00
00
00
00
00
00
00
05
00
00
00
01
00
00
00
08
00
00
00
00
00
00
00
00
00
00
00
00
00
00
00
67
00
00
00
04
00
00
00
02
00
00
00
00
00
00
00
68
09
00
00
00
00
00
00
68
09
00
00
00
00
00
00
08
01
00
00
00
00
00
00
04
00
00
00
00
00
00
00
08
00
00
00
00
00
00
00
18
00
00
00
00
00
00
00
71
00
00
00
04
00
00
00
42
00
00
00
00
00
00
00
70
0a
00
00
00
00
00
00
70
0a
00
00
00
00
00
00
c0
00
00
00
00
00
00
00
04
00
00
00
17
00
00
00
08
00
00
00
00
00
00
00
18
00
00
00
00
00
00
00
7b
00
00
00
01
00
00
00
06
00
00
00
00
00
00
00
00
10
00
00
00
00
00
00
00
10
00
00
00
00
00
00
1b
00
00
00
00
00
00
00
00
00
00
00
00
00
00
00
04
00
00
00
00
00
00
00
00
00
00
00
00
00
00
00
76
00
00
00
01
00
00
00
06
00
00
00
00
00
00
00
20
10
00
00
00
00
00
00
20
10
00
00
00
00
00
00
90
00
00
00
00
00
00
00
00
00
00
00
00
00
00
00
10
00
00
00
00
00
00
00
10
00
00
00
00
00
00
00
81
00
00
00
01
00
00
00
06
00
00
00
00
00
00
00
b0
10
00
00
00
00
00
00
b0
10
00
00
00
00
00
00
10
00
00
00
00
00
00
00
00
00
00
00
00
00
00
00
10
00
00
00
00
00
00
00
10
00
00
00
00
00
00
00
8a
00
00
00
01
00
00
00
06
00
00
00
00
00
00
00
c0
10
00
00
00
00
00
00
c0
10
00
00
00
00
00
00
80
00
00
00
00
00
00
00
00
00
00
00
00
00
00
00
10
00
00
00
00
00
00
00
10
00
00
00
00
00
00
00
93
00
00
00
01
00
00
00
06
00
00
00
00
00
00
00
40
11
00
00
00
00
00
00
40
11
00
00
00
00
00
00
9a
6f
00
00
00
00
00
00
00
00
00
00
00
00
00
00
10
00
00
00
00
00
00
00
00
00
00
00
00
00
00
00
99
00
00
00
01
00
00
00
06
00
00
00
00
00
00
00
dc
80
00
00
00
00
00
00
dc
80
00
00
00
00
00
00
0d
00
00
00
00
00
00
00
00
00
00
00
00
00
00
00
04
00
00
00
00
00
00
00
00
00
00
00
00
00
00
00
9f
00
00
00
01
00
00
00
02
00
00
00
00
00
00
00
00
90
00
00
00
00
00
00
00
90
00
00
00
00
00
00
c6
1a
00
00
00
00
00
00
00
00
00
00
00
00
00
00
20
00
00
00
00
00
00
00
00
00
00
00
00
00
00
00
a7
00
00
00
01
00
00
00
02
00
00
00
00
00
00
00
c8
aa
00
00
00
00
00
00
c8
aa
00
00
00
00
00
00
44
01
00
00
00
00
00
00
00
00
00
00
00
00
00
00
04
00
00
00
00
00
00
00
00
00
00
00
00
00
00
00
b5
00
00
00
01
00
00
00
02
00
00
00
00
00
00
00
10
ac
00
00
00
00
00
00
10
ac
00
00
00
00
00
00
20
07
00
00
00
00
00
00
00
00
00
00
00
00
00
00
08
00
00
00
00
00
00
00
00
00
00
00
00
00
00
00
bf
00
00
00
0e
00
00
00
03
00
00
00
00
00
00
00
c0
cd
00
00
00
00
00
00
c0
bd
00
00
00
00
00
00
08
00
00
00
00
00
00
00
00
00
00
00
00
00
00
00
08
00
00
00
00
00
00
00
08
00
00
00
00
00
00
00
cb
00
00
00
0f
00
00
00
03
00
00
00
00
00
00
00
c8
cd
00
00
00
00
00
00
c8
bd
00
00
00
00
00
00
08
00
00
00
00
00
00
00
00
00
00
00
00
00
00
00
08
00
00
00
00
00
00
00
08
00
00
00
00
00
00
00
d7
00
00
00
06
00
00
00
03
00
00
00
00
00
00
00
d0
cd
00
00
00
00
00
00
d0
bd
00
00
00
00
00
00
f0
01
00
00
00
00
00
00
05
00
00
00
00
00
00
00
08
00
00
00
00
00
00
00
10
00
00
00
00
00
00
00
85
00
00
00
01
00
00
00
03
00
00
00
00
00
00
00
c0
cf
00
00
00
00
00
00
c0
bf
00
00
00
00
00
00
40
00
00
00
00
00
00
00
00
00
00
00
00
00
00
00
08
00
00
00
00
00
00
00
08
00
00
00
00
00
00
00
e0
00
00
00
01
00
00
00
03
00
00
00
00
00
00
00
00
d0
00
00
00
00
00
00
00
c0
00
00
00
00
00
00
58
00
00
00
00
00
00
00
00
00
00
00
00
00
00
00
08
00
00
00
00
00
00
00
08
00
00
00
00
00
00
00
e9
00
00
00
01
00
00
00
03
00
00
00
00
00
00
00
58
d0
00
00
00
00
00
00
58
c0
00
00
00
00
00
00
08
00
00
00
00
00
00
00
00
00
00
00
00
00
00
00
08
00
00
00
00
00
00
00
00
00
00
00
00
00
00
00
ef
00
00
00
08
00
00
00
03
00
00
00
00
00
00
00
60
d0
00
00
00
00
00
00
60
c0
00
00
00
00
00
00
08
00
00
00
00
00
00
00
00
00
00
00
00
00
00
00
01
00
00
00
00
00
00
00
00
00
00
00
00
00
00
00
f4
00
00
00
01
00
00
00
00
00
00
00
00
00
00
00
00
00
00
00
00
00
00
00
60
c0
00
00
00
00
00
00
4a
00
00
00
00
00
00
00
00
00
00
00
00
00
00
00
01
00
00
00
00
00
00
00
00
00
00
00
00
00
00
00
06
01
00
00
01
00
00
00
00
00
00
00
00
00
00
00
00
00
00
00
00
00
00
00
ac
c0
00
00
00
00
00
00
34
00
00
00
00
00
00
00
00
00
00
00
00
00
00
00
04
00
00
00
00
00
00
00
00
00
00
00
00
00
00
00
01
00
00
00
03
00
00
00
00
00
00
00
00
00
00
00
00
00
00
00
00
00
00
00
e0
c0
00
00
00
00
00
00
15
01
00
00
00
00
00
00
00
00
00
00
00
00
00
00
01
00
00
00
00
00
00
00
00
00
00
00
00
00
00
00
00
00
00
00
00
00
00
00
00
00
00
00
00
00
00
00
00
00
00
00
00
00
00
00
00
00
00
00
00
00
00
00
00
00
00
00
00
00
00
00
00
00
00
00
00
00
00
00
00
00
00
00
00
00
00
00
00
00
00
00
00
00
00
00
00
00
00
00
00
00
00
00
00
00
00
00
00
00
00
00
00
00
00
00
00
00
00
00
00
00
00
00
00
00
00
00
00
00
00
00
00
00
00
00
00
00
00
00
00
00
00
00
00
00
00
00
00
00
00
00
00
00
00
00
00
00
00
00
00
00
00
00
00
00
00
00
00
00
00
00
00
00
00
00
00
00
00
00
00
00
00
00
00
00
00
00
00
00
00
00
00
00
00
00
00
00
00
00
00
00
00
00
00
00
00
00
00
00
00
00
00
00
00
00
00
00
00
00
00
00
00
00
00
00
00
00
00
00
00
00
00
00
00
00
00
00
00
00
00
00
00
00
00
00
00
00
00
00
00
00
00
00
00
00
00
00
00
00
00
00
00
00
00
00
00
00
00
00
00
00
00
00
00
00
00
00
00
00
00
00
00
00
00
00
00
00
00
00
00
00
00
00
00
00
00
00
00
00
00
00
00
00
00
00
00
00
00
00
00
00
00
00
00
00
00
00
00
00
00
00
00
00
00
00
00
00
00
00
00
00
00
00
00
00
00
00
00
00
00
00
00
00
00
00
00
00
00
00
00
00
00
00
00
00
00
00
00
00
00
00
00
00
00
00
00
00
00
00
00
00
00
00
00
00
00
00
00
00
00
00
00
00
00
00
00
00
00
00
00
00
00
00
00
00
00
00
00
00
00
00
00
00
00
00
00
00
00
00
00
00
00
00
00
00
00
00
00
00
00
00
00
00
00
00
00
00
00
00
00
00
00
00
00
00
00
00
00
00
00
00
00
00
00
00
00
00
00
00
00
00
00
00
00
00
00
00
00
00
00
00
00
00
00
00
00
00
00
00
00
00
00
00
00
00
00
00
00
00
00
00
00
00
00
00
00
00
00
00
00
00
00
00
00
00
00
00
00
00
00
00
00
00
00
00
00
00
00
00
00
00
00
00
00
00
00
00
00
00
00
00
00
00
00
00
00
00
00
00
00
00
00
00
00
00
00
00
00
00
00
00
00
00
00
00
00
00
00
00
00
00
00
00
00
00
00
00
00
00
00
00
00
00
00
00
00
00
00
00
00
00
00
00
00
00
00
00
00
00
00
00
00
00
00
00
00
00
00
00
00
00
00
00
00
00
00
00
00
00
00
00
00
00
00
00
00
00
00
00
00
00
00
00
00
00
00
00
00
00
00
00
00
00
00
00
00
00
00
00
00
00
00
00
00
00
00
00
00
00
00
00
00
00
00
00
00
00
00
00
00
00
00
00
00
00
00
00
00
00
00
00
00
00
00
00
00
00
00
00
00
00
00
00
00
00
00
00
00
00
00
00
00
00
00
00
00
00
00
00
00
00
00
00
00
00
00
00
00
00
00
00
00
00
00
00
00
00
00
00
00
00
00
00
00
00
00
00
00
00
00
00
00
00
00
00
00
00
00
00
00
00
00
00
00
00
00
00
00
00
00
00
00
00
00
00
00
00
00
00
00
00
00
00
00
00
00
00
00
00
00
00
00
00
00
00
00
00
00
00
00
00
00
00
00
00
00
00
00
00
00
00
00
00
00
00
00
00
00
00
00
00
00
00
00
00
00
00
00
00
00
00
00
00
00
00
00
00
00
00
00
00
00
00
00
00
00
00
00
00
00
00
00
00
00
00
00
00
00
00
00
00
00
00
00
00
00
00
00
00
00
00
00
00
00
00
00
00
00
00
00
00
00
00
00
00
00
00
00
00
00
00
00
00
00
00
00
00
00
00
00
00
00
00
00
00
00
00
00
00
00
00
00
00
00
00
00
00
00
00
00
00
00
00
00
00
00
00
00
00
00
00
00
00
00
00
00
00
00
00
00
00
00
00
00
00
00
00
00
00
00
00
00
00
00
00
00
00
00
00
00
00
00
00
00
00
00
00
00
00
00
00
00
00
00
00
00
00
00
00
00
00
00
00
00
00
00
00
00
00
00
00
00
00
00
00
00
00
00
00
00
00
00
00
00
00
00
00
00
00
00
00
00
00
00
00
00
00
00
00
00
00
00
00
00
00
00
00
00
00
00
00
00
00
00
00
00
00
00
00
00
00
00
00
00
00
00
00
00
00
00
00
00
00
00
00
00
00
00
00
00
00
00
00
00
00
00
00
00
00
00
00
00
00
00
00
00
00
00
00
00
00
00
00
00
00
00
00
00
00
00
00
00
00
00
00
00
00
00
00
00
00
00
00
00
00
00
00
00
00
00
00
00
00
00
00
00
00
00
00
00
00
00
00
00
00
00
00
00
00
00
00
00
00
00
00
00
00
00
00
00
00
00
00
00
00
00
00
00
00
00
00
00
00
00
00
00
00
00
00
00
00
00
00
00
00
00
00
00
00
00
00
00
00
00
00
00
00
00
00
00
00
00
00
00
00
00
00
00
00
00
00
00
00
00
00
00
00
00
00
00
00
00
00
00
00
00
00
00
00
00
00
00
00
00
00
00
00
00
00
00
00
00
00
00
00
00
00
00
00
00
00
00
00
00
00
00
00
00
00
00
00
00
00
00
00
00
00
00
00
00
00
00
00
00
00
00
00
00
00
00
00
00
00
00
00
00
00
00
00
00
00
00
00
00
00
00
00
00
00
00
00
00
00
00
00
00
00
00
00
00
00
00
00
00
00
00
00
00
00
00
00
00
00
00
00
00
00
00
00
00
00
00
00
00
00
00
00
00
00
00
00
00
00
00
00
00
00
00
00
00
00
00
00
00
00
00
00
00
00
00
00
00
00
00
00
00
00
00
00
00
00
00
00
00
00
00
00
00
00
00
00
00
00
00
00
00
00
00
00
00
00
00
00
00
00
00
00
00
00
00
00
00
00
00
00
00
00
00
00
00
00
00
00
00
00
00
00
00
00
00
00
00
00
00
00
00
00
00
00
00
00
00
00
00
00
00
00
00
00
00
00
00
00
00
00
00
00
00
00
00
00
00
00
00
00
00
00
00
00
00
00
00
00
00
00
00
00
00
00
00
00
00
00
00
00
00
00
00
00
00
00
00
00
00
00
00
00
00
00
00
00
00
00
00
00
00
00
00
00
00
00
00
00
00
00
00
00
00
00
00
00
00
00
00
00
00
00
00
00
00
00
00
00
00
00
00
00
00
00
00
00
00
00
00
00
00
00
00
00
00
00
00
00
00
00
00
00
00
00
00
00
00
00
00
00
00
00
00
00
00
00
00
00
00
00
00
00
00
00
00
00
00
00
00
00
00
00
00
00
00
00
00
00
00
00
00
00
00
00
00
00
00
00
00
00
00
00
00
00
00
00
00
00
00
00
00
00
00
00
00
00
00
00
00
00
00
00
00
00
00
00
00
00
00
00
00
00
00
00
00
00
00
00
00
00
00
00
00
00
00
00
00
00
00
00
00
00
00
00
00
00
00
00
00
00
00
00
00
00
00
00
00
00
00
00
00
00
00
00
00
00
00
00
00
00
00
00
00
00
00
00
00
00
00
00
00
00
00
00
00
00
00
00
00
00
00
00
00
00
00
00
00
00
00
00
00
00
00
00
00
00
00
00
00
00
00
00
00
00
00
00
00
00
00
00
00
00
00
00
00
00
00
00
00
00
00
00
00
00
00
00
00
00
00
00
00
00
00
00
00
00
00
00
00
00
00
00
00
00
00
00
00
00
00
00
00
00
00
00
00
00
00
00
00
00
00
00
00
00
00
00
00
00
00
00
00
00
00
00
00
00
00
00
00
00
00
00
00
00
00
00
00
00
00
00
00
00
00
00
00
00
00
00
00
00
00
00
