7f
45
4c
46
02
01
01
00
00
00
00
00
00
00
00
00
03
00
3e
00
01
00
00
00
60
76
00
00
00
00
00
00
40
00
00
00
00
00
00
00
b0
c0
01
00
00
00
00
00
00
00
00
00
40
00
38
00
0d
00
40
00
20
00
1f
00
06
00
00
00
04
00
00
00
40
00
00
00
00
00
00
00
40
00
00
00
00
00
00
00
40
00
00
00
00
00
00
00
d8
02
00
00
00
00
00
00
d8
02
00
00
00
00
00
00
08
00
00
00
00
00
00
00
03
00
00
00
04
00
00
00
18
03
00
00
00
00
00
00
18
03
00
00
00
00
00
00
18
03
00
00
00
00
00
00
1c
00
00
00
00
00
00
00
1c
00
00
00
00
00
00
00
01
00
00
00
00
00
00
00
01
00
00
00
04
00
00
00
00
00
00
00
00
00
00
00
00
00
00
00
00
00
00
00
00
00
00
00
00
00
00
00
20
6a
00
00
00
00
00
00
20
6a
00
00
00
00
00
00
00
10
00
00
00
00
00
00
01
00
00
00
05
00
00
00
00
70
00
00
00
00
00
00
00
70
00
00
00
00
00
00
00
70
00
00
00
00
00
00
71
5f
00
00
00
00
00
00
71
5f
00
00
00
00
00
00
00
10
00
00
00
00
00
00
01
00
00
00
04
00
00
00
00
d0
00
00
00
00
00
00
00
d0
00
00
00
00
00
00
00
d0
00
00
00
00
00
00
6e
33
00
00
00
00
00
00
6e
33
00
00
00
00
00
00
00
10
00
00
00
00
00
00
01
00
00
00
06
00
00
00
d0
0b
01
00
00
00
00
00
d0
1b
01
00
00
00
00
00
d0
1b
01
00
00
00
00
00
48
04
00
00
00
00
00
00
a8
06
00
00
00
00
00
00
00
10
00
00
00
00
00
00
02
00
00
00
06
00
00
00
f8
0b
01
00
00
00
00
00
f8
1b
01
00
00
00
00
00
f8
1b
01
00
00
00
00
00
30
02
00
00
00
00
00
00
30
02
00
00
00
00
00
00
08
00
00
00
00
00
00
00
04
00
00
00
04
00
00
00
38
03
00
00
00
00
00
00
38
03
00
00
00
00
00
00
38
03
00
00
00
00
00
00
30
00
00
00
00
00
00
00
30
00
00
00
00
00
00
00
08
00
00
00
00
00
00
00
04
00
00
00
04
00
00
00
68
03
00
00
00
00
00
00
68
03
00
00
00
00
00
00
68
03
00
00
00
00
00
00
44
00
00
00
00
00
00
00
44
00
00
00
00
00
00
00
04
00
00
00
00
00
00
00
53
e5
74
64
04
00
00
00
38
03
00
00
00
00
00
00
38
03
00
00
00
00
00
00
38
03
00
00
00
00
00
00
30
00
00
00
00
00
00
00
30
00
00
00
00
00
00
00
08
00
00
00
00
00
00
00
50
e5
74
64
04
00
00
00
a4
d4
00
00
00
00
00
00
a4
d4
00
00
00
00
00
00
a4
d4
00
00
00
00
00
00
f4
08
00
00
00
00
00
00
f4
08
00
00
00
00
00
00
04
00
00
00
00
00
00
00
51
e5
74
64
06
00
00
00
00
00
00
00
00
00
00
00
00
00
00
00
00
00
00
00
00
00
00
00
00
00
00
00
00
00
00
00
00
00
00
00
00
00
00
00
00
00
00
00
10
00
00
00
00
00
00
00
52
e5
74
64
04
00
00
00
d0
0b
01
00
00
00
00
00
d0
1b
01
00
00
00
00
00
d0
1b
01
00
00
00
00
00
30
04
00
00
00
00
00
00
30
04
00
00
00
00
00
00
01
00
00
00
00
00
00
00
2f
6c
69
62
36
34
2f
6c
64
2d
6c
69
6e
75
78
2d
78
38
36
2d
36
34
2e
73
6f
2e
32
00
00
00
00
00
04
00
00
00
20
00
00
00
05
00
00
00
47
4e
55
00
02
00
00
c0
04
00
00
00
03
00
00
00
00
00
00
00
02
80
00
c0
04
00
00
00
01
00
00
00
00
00
00
00
04
00
00
00
14
00
00
00
03
00
00
00
47
4e
55
00
52
29
37
3a
87
fb
4f
f0
55
80
9e
20
f5
60
35
4f
8f
a4
42
27
04
00
00
00
10
00
00
00
01
00
00
00
47
4e
55
00
00
00
00
00
03
00
00
00
02
00
00
00
00
00
00
00
00
00
00
00
83
00
00
00
39
00
00
00
10
00
00
00
0a
00
00
00
09
c1
11
78
67
42
06
00
10
a2
82
10
10
cc
5c
02
38
02
c0
80
22
a4
21
0c
78
c5
81
00
01
c8
2b
41
d0
42
89
a8
24
3c
c2
82
00
85
58
a0
59
72
60
11
44
84
11
76
10
05
c0
10
98
98
03
a2
02
0b
06
21
68
21
04
44
34
7c
2c
32
10
00
08
18
06
84
40
38
08
00
00
22
88
0c
08
05
2b
50
24
6f
10
84
10
a0
72
81
4c
1b
28
8f
44
40
60
32
01
04
08
06
88
40
aa
40
80
00
18
c8
00
a4
04
45
4c
b8
50
21
27
c8
00
00
00
00
00
00
00
00
39
00
00
00
3a
00
00
00
3d
00
00
00
40
00
00
00
42
00
00
00
44
00
00
00
47
00
00
00
00
00
00
00
48
00
00
00
4b
00
00
00
4c
00
00
00
4d
00
00
00
50
00
00
00
52
00
00
00
53
00
00
00
55
00
00
00
57
00
00
00
59
00
00
00
5a
00
00
00
5e
00
00
00
5f
00
00
00
60
00
00
00
61
00
00
00
00
00
00
00
63
00
00
00
67
00
00
00
6a
00
00
00
00
00
00
00
00
00
00
00
6b
00
00
00
6c
00
00
00
6d
00
00
00
6f
00
00
00
71
00
00
00
74
00
00
00
78
00
00
00
00
00
00
00
79
00
00
00
7a
00
00
00
00
00
00
00
00
00
00
00
7b
00
00
00
7d
00
00
00
7e
00
00
00
7f
00
00
00
00
00
00
00
80
00
00
00
82
00
00
00
00
00
00
00
00
00
00
00
00
00
00
00
00
00
00
00
84
00
00
00
86
00
00
00
00
00
00
00
87
00
00
00
00
00
00
00
00
00
00
00
00
00
00
00
88
00
00
00
00
00
00
00
8b
00
00
00
8d
00
00
00
8e
00
00
00
8f
00
00
00
91
00
00
00
93
00
00
00
00
00
00
00
95
00
00
00
00
00
00
00
96
00
00
00
98
00
00
00
9a
00
00
00
9b
00
00
00
9c
00
00
00
9e
00
00
00
00
00
00
00
a0
00
00
00
a1
00
00
00
00
00
00
00
00
00
00
00
a2
00
00
00
a3
00
00
00
00
00
00
00
a4
00
00
00
a6
00
00
00
a7
00
00
00
a8
00
00
00
aa
00
00
00
ad
00
00
00
00
00
00
00
ae
00
00
00
b0
00
00
00
00
00
00
00
b1
00
00
00
b2
00
00
00
00
00
00
00
00
00
00
00
b3
00
00
00
00
00
00
00
b6
00
00
00
b7
00
00
00
b8
00
00
00
b9
00
00
00
bd
00
00
00
be
00
00
00
c0
00
00
00
c1
00
00
00
00
00
00
00
c2
00
00
00
c5
00
00
00
c6
00
00
00
c8
00
00
00
c9
00
00
00
cb
00
00
00
cd
00
00
00
d1
00
00
00
00
00
00
00
00
00
00
00
d3
00
00
00
00
00
00
00
d4
00
00
00
d5
00
00
00
d9
00
00
00
00
00
00
00
00
00
00
00
db
00
00
00
df
00
00
00
e2
00
00
00
15
98
0c
43
2a
aa
01
b4
46
ab
b2
87
4f
b1
bd
a4
4e
d0
52
c0
2c
5d
d8
7f
f5
e0
29
2e
9c
79
65
49
ff
c4
a7
a0
c4
18
fa
22
9b
dd
4d
9f
0c
8a
50
23
0e
80
5b
d5
cb
0b
09
7c
35
d6
0c
09
8e
93
06
9a
24
f6
0a
37
9f
94
ae
c4
1f
20
a8
2e
2f
4b
a2
82
50
33
9d
71
78
b5
83
40
09
d9
6e
4f
fc
02
1e
97
c3
85
74
9f
25
6d
0c
43
b6
09
ce
1e
5d
3c
7e
7c
4a
51
f3
d7
91
a9
35
31
2a
63
6e
64
45
be
a8
b1
ab
ec
ed
43
30
0c
7c
59
24
7d
b4
9d
ba
0e
9c
b2
9d
51
6d
e3
c9
6f
b3
43
d7
5c
65
4a
5d
aa
6d
df
24
ab
94
e4
4f
59
62
99
0e
07
e3
14
5c
b1
e2
fc
d6
40
5e
5d
2f
4a
aa
68
e8
3b
e7
e0
18
4f
b6
93
db
92
33
0c
01
0c
7f
0b
3d
8a
be
c7
c7
11
58
95
ae
1f
4c
8a
49
ab
02
f2
62
21
41
b1
17
1b
c1
23
e8
45
c5
0a
44
cf
c1
1d
c5
3c
7b
e3
36
a3
c1
23
a2
bf
9f
75
24
b8
88
28
33
88
03
81
e9
f5
fe
47
dd
7f
f3
5d
e9
7d
cd
0e
6a
24
c6
05
75
a5
9c
c2
e7
77
d0
69
37
e5
29
2e
dd
7d
65
49
f8
c9
86
30
6f
5c
46
d7
50
e4
ee
d5
77
da
0c
09
ce
2d
a3
2b
8f
f1
35
52
3f
07
1e
97
d3
7f
e1
08
72
10
7c
59
84
af
07
7c
67
81
b4
9d
1c
fd
75
27
cd
d2
56
b6
9d
ae
6d
df
e5
4b
5e
e2
c2
c0
53
00
eb
d2
7d
cd
6e
4e
aa
68
6b
34
5e
7e
28
40
e7
e0
cf
40
3c
4e
bb
f7
fb
af
b0
84
a0
cb
83
b4
0e
80
08
16
58
95
f1
5b
f2
73
ff
76
4d
0b
eb
75
50
b1
f0
31
0c
4c
07
41
7b
e3
e4
c3
9f
75
77
a7
c1
23
8b
91
77
fc
1d
84
f3
5d
3d
6a
03
31
b7
a9
9c
c2
72
d8
f5
a9
3f
8f
09
b7
db
f6
46
97
ef
80
e0
2e
38
ce
86
30
6f
90
fd
b6
b4
b4
7c
40
0e
70
1c
bc
5b
fb
80
12
c3
4a
eb
bc
0e
ad
bd
a4
05
a7
b2
87
2b
ad
d8
36
85
14
fa
22
cd
85
50
23
4c
8f
06
9a
fe
ac
ca
fe
b9
9e
b1
de
89
10
88
50
c9
d4
6e
4f
07
b6
d6
f0
08
6f
8c
01
ec
d7
c0
9a
76
f1
76
8d
1b
38
7b
5f
97
5c
9c
5e
04
c5
53
00
09
4d
f3
d7
03
ba
a8
b1
35
92
3d
84
36
b5
8e
27
d0
65
ce
6d
fb
fb
fb
af
65
b9
10
ea
c4
28
de
1d
c5
b8
0e
80
ef
66
c4
b3
fe
cb
03
04
7d
8a
be
d0
ce
02
e3
14
2d
7a
50
b1
98
8e
33
0c
4a
4d
82
9d
d8
4a
b6
93
33
36
0c
4c
be
07
7f
0b
f5
cc
d3
d1
61
ee
3d
95
09
a7
02
f2
7c
6e
03
31
d4
16
c1
23
22
1d
41
b1
5f
8d
a4
35
a8
41
c5
0a
05
cb
c1
1d
1c
fb
46
97
c0
7a
22
ad
86
65
d8
6a
bb
b4
d5
92
ae
5f
23
73
aa
ce
c8
8c
83
bb
ff
c3
af
94
fd
b6
00
00
00
00
00
00
00
00
00
00
00
00
00
00
00
00
00
00
00
00
00
00
00
00
00
00
00
00
0b
3d
00
00
12
00
00
00
00
00
00
00
00
00
00
00
00
00
00
00
00
00
00
00
9d
40
00
00
12
00
00
00
00
00
00
00
00
00
00
00
00
00
00
00
00
00
00
00
b0
3f
00
00
12
00
00
00
00
00
00
00
00
00
00
00
00
00
00
00
00
00
00
00
04
3e
00
00
12
00
00
00
00
00
00
00
00
00
00
00
00
00
00
00
00
00
00
00
ef
3c
00
00
12
00
00
00
00
00
00
00
00
00
00
00
00
00
00
00
00
00
00
00
90
3e
00
00
12
00
00
00
00
00
00
00
00
00
00
00
00
00
00
00
00
00
00
00
42
3e
00
00
12
00
00
00
00
00
00
00
00
00
00
00
00
00
00
00
00
00
00
00
e6
26
00
00
12
00
00
00
00
00
00
00
00
00
00
00
00
00
00
00
00
00
00
00
f6
41
00
00
12
00
00
00
00
00
00
00
00
00
00
00
00
00
00
00
00
00
00
00
c6
41
00
00
12
00
00
00
00
00
00
00
00
00
00
00
00
00
00
00
00
00
00
00
18
3d
00
00
12
00
00
00
00
00
00
00
00
00
00
00
00
00
00
00
00
00
00
00
cd
41
00
00
12
00
00
00
00
00
00
00
00
00
00
00
00
00
00
00
00
00
00
00
b8
40
00
00
12
00
00
00
00
00
00
00
00
00
00
00
00
00
00
00
00
00
00
00
02
0a
00
00
12
00
00
00
00
00
00
00
00
00
00
00
00
00
00
00
00
00
00
00
e6
36
00
00
12
00
00
00
00
00
00
00
00
00
00
00
00
00
00
00
00
00
00
00
8f
3b
00
00
12
00
00
00
00
00
00
00
00
00
00
00
00
00
00
00
00
00
00
00
89
41
00
00
12
00
00
00
00
00
00
00
00
00
00
00
00
00
00
00
00
00
00
00
24
3f
00
00
12
00
00
00
00
00
00
00
00
00
00
00
00
00
00
00
00
00
00
00
45
40
00
00
12
00
00
00
00
00
00
00
00
00
00
00
00
00
00
00
00
00
00
00
b9
41
00
00
12
00
00
00
00
00
00
00
00
00
00
00
00
00
00
00
00
00
00
00
83
3e
00
00
12
00
00
00
00
00
00
00
00
00
00
00
00
00
00
00
00
00
00
00
35
3e
00
00
12
00
00
00
00
00
00
00
00
00
00
00
00
00
00
00
00
00
00
00
22
3d
00
00
12
00
00
00
00
00
00
00
00
00
00
00
00
00
00
00
00
00
00
00
55
17
00
00
12
00
00
00
00
00
00
00
00
00
00
00
00
00
00
00
00
00
00
00
06
3c
00
00
12
00
00
00
00
00
00
00
00
00
00
00
00
00
00
00
00
00
00
00
01
00
00
00
20
00
00
00
00
00
00
00
00
00
00
00
00
00
00
00
00
00
00
00
2c
3d
00
00
12
00
00
00
00
00
00
00
00
00
00
00
00
00
00
00
00
00
00
00
c2
21
00
00
12
00
00
00
00
00
00
00
00
00
00
00
00
00
00
00
00
00
00
00
a7
41
00
00
12
00
00
00
00
00
00
00
00
00
00
00
00
00
00
00
00
00
00
00
3b
41
00
00
12
00
00
00
00
00
00
00
00
00
00
00
00
00
00
00
00
00
00
00
1e
41
00
00
12
00
00
00
00
00
00
00
00
00
00
00
00
00
00
00
00
00
00
00
06
3f
00
00
12
00
00
00
00
00
00
00
00
00
00
00
00
00
00
00
00
00
00
00
1b
00
00
00
20
00
00
00
00
00
00
00
00
00
00
00
00
00
00
00
00
00
00
00
41
3b
00
00
12
00
00
00
00
00
00
00
00
00
00
00
00
00
00
00
00
00
00
00
f7
3c
00
00
12
00
00
00
00
00
00
00
00
00
00
00
00
00
00
00
00
00
00
00
c5
3b
00
00
12
00
00
00
00
00
00
00
00
00
00
00
00
00
00
00
00
00
00
00
01
3d
00
00
12
00
00
00
00
00
00
00
00
00
00
00
00
00
00
00
00
00
00
00
37
00
00
00
20
00
00
00
00
00
00
00
00
00
00
00
00
00
00
00
00
00
00
00
8b
3c
00
00
12
00
00
00
00
00
00
00
00
00
00
00
00
00
00
00
00
00
00
00
4b
3c
00
00
12
00
00
00
00
00
00
00
00
00
00
00
00
00
00
00
00
00
00
00
cf
3d
00
00
12
00
00
00
00
00
00
00
00
00
00
00
00
00
00
00
00
00
00
00
ce
3e
00
00
12
00
00
00
00
00
00
00
00
00
00
00
00
00
00
00
00
00
00
00
20
3e
00
00
12
00
00
00
00
00
00
00
00
00
00
00
00
00
00
00
00
00
00
00
db
3d
00
00
12
00
00
00
00
00
00
00
00
00
00
00
00
00
00
00
00
00
00
00
74
35
00
00
12
00
00
00
00
00
00
00
00
00
00
00
00
00
00
00
00
00
00
00
ff
40
00
00
12
00
00
00
00
00
00
00
00
00
00
00
00
00
00
00
00
00
00
00
8d
40
00
00
12
00
00
00
00
00
00
00
00
00
00
00
00
00
00
00
00
00
00
00
76
3f
00
00
12
00
00
00
00
00
00
00
00
00
00
00
00
00
00
00
00
00
00
00
42
2b
00
00
12
00
00
00
00
00
00
00
00
00
00
00
00
00
00
00
00
00
00
00
68
3f
00
00
12
00
00
00
00
00
00
00
00
00
00
00
00
00
00
00
00
00
00
00
f7
3f
00
00
12
00
00
00
00
00
00
00
00
00
00
00
00
00
00
00
00
00
00
00
d4
41
00
00
12
00
00
00
00
00
00
00
00
00
00
00
00
00
00
00
00
00
00
00
da
41
00
00
12
00
00
00
00
00
00
00
00
00
00
00
00
00
00
00
00
00
00
00
0c
3f
00
00
12
00
00
00
00
00
00
00
00
00
00
00
00
00
00
00
00
00
00
00
f3
3d
00
00
12
00
00
00
00
00
00
00
00
00
00
00
00
00
00
00
00
00
00
00
b3
3a
00
00
12
00
00
00
00
00
00
00
00
00
00
00
00
00
00
00
00
00
00
00
3b
40
00
00
11
00
1b
00
40
20
01
00
00
00
00
00
10
01
00
00
00
00
00
00
23
32
00
00
22
00
10
00
ac
c4
00
00
00
00
00
00
37
00
00
00
00
00
00
00
6d
38
00
00
22
00
10
00
8a
b9
00
00
00
00
00
00
23
00
00
00
00
00
00
00
f6
24
00
00
22
00
10
00
7a
bb
00
00
00
00
00
00
0f
00
00
00
00
00
00
00
6b
21
00
00
22
00
10
00
5b
ca
00
00
00
00
00
00
3d
00
00
00
00
00
00
00
84
29
00
00
22
00
10
00
2e
c2
00
00
00
00
00
00
2e
00
00
00
00
00
00
00
e7
1f
00
00
22
00
10
00
68
c5
00
00
00
00
00
00
0f
00
00
00
00
00
00
00
26
19
00
00
22
00
10
00
94
b7
00
00
00
00
00
00
23
00
00
00
00
00
00
00
23
01
00
00
22
00
10
00
e6
bb
00
00
00
00
00
00
50
00
00
00
00
00
00
00
c3
1c
00
00
22
00
10
00
6a
b9
00
00
00
00
00
00
1f
00
00
00
00
00
00
00
e4
0c
00
00
22
00
10
00
de
be
00
00
00
00
00
00
15
00
00
00
00
00
00
00
2f
16
00
00
22
00
10
00
56
b5
00
00
00
00
00
00
33
00
00
00
00
00
00
00
46
00
00
00
22
00
10
00
76
cc
00
00
00
00
00
00
23
00
00
00
00
00
00
00
84
0e
00
00
22
00
10
00
a8
c7
00
00
00
00
00
00
37
00
00
00
00
00
00
00
62
0c
00
00
22
00
10
00
4a
c3
00
00
00
00
00
00
0f
00
00
00
00
00
00
00
7f
33
00
00
22
00
10
00
ce
b9
00
00
00
00
00
00
77
00
00
00
00
00
00
00
eb
12
00
00
22
00
10
00
22
b8
00
00
00
00
00
00
2a
00
00
00
00
00
00
00
be
34
00
00
22
00
10
00
ee
ce
00
00
00
00
00
00
1e
00
00
00
00
00
00
00
