7f
45
4c
46
02
01
01
00
00
00
00
00
00
00
00
00
03
00
3e
00
01
00
00
00
00
00
00
00
00
00
00
00
40
00
00
00
00
00
00
00
f0
e2
01
00
00
00
00
00
00
00
00
00
40
00
38
00
0b
00
40
00
1d
00
1c
00
01
00
00
00
04
00
00
00
00
00
00
00
00
00
00
00
00
00
00
00
00
00
00
00
00
00
00
00
00
00
00
00
08
2d
00
00
00
00
00
00
08
2d
00
00
00
00
00
00
00
10
00
00
00
00
00
00
01
00
00
00
05
00
00
00
00
30
00
00
00
00
00
00
00
30
00
00
00
00
00
00
00
30
00
00
00
00
00
00
15
68
01
00
00
00
00
00
15
68
01
00
00
00
00
00
00
10
00
00
00
00
00
00
01
00
00
00
04
00
00
00
00
a0
01
00
00
00
00
00
00
a0
01
00
00
00
00
00
00
a0
01
00
00
00
00
00
c4
32
00
00
00
00
00
00
c4
32
00
00
00
00
00
00
00
10
00
00
00
00
00
00
01
00
00
00
06
00
00
00
c8
dd
01
00
00
00
00
00
c8
ed
01
00
00
00
00
00
c8
ed
01
00
00
00
00
00
e0
03
00
00
00
00
00
00
20
05
00
00
00
00
00
00
00
10
00
00
00
00
00
00
02
00
00
00
06
00
00
00
e0
dd
01
00
00
00
00
00
e0
ed
01
00
00
00
00
00
e0
ed
01
00
00
00
00
00
f0
01
00
00
00
00
00
00
f0
01
00
00
00
00
00
00
08
00
00
00
00
00
00
00
04
00
00
00
04
00
00
00
a8
02
00
00
00
00
00
00
a8
02
00
00
00
00
00
00
a8
02
00
00
00
00
00
00
20
00
00
00
00
00
00
00
20
00
00
00
00
00
00
00
08
00
00
00
00
00
00
00
04
00
00
00
04
00
00
00
c8
02
00
00
00
00
00
00
c8
02
00
00
00
00
00
00
c8
02
00
00
00
00
00
00
24
00
00
00
00
00
00
00
24
00
00
00
00
00
00
00
04
00
00
00
00
00
00
00
53
e5
74
64
04
00
00
00
a8
02
00
00
00
00
00
00
a8
02
00
00
00
00
00
00
a8
02
00
00
00
00
00
00
20
00
00
00
00
00
00
00
20
00
00
00
00
00
00
00
08
00
00
00
00
00
00
00
50
e5
74
64
04
00
00
00
ec
aa
01
00
00
00
00
00
ec
aa
01
00
00
00
00
00
ec
aa
01
00
00
00
00
00
b4
06
00
00
00
00
00
00
b4
06
00
00
00
00
00
00
04
00
00
00
00
00
00
00
51
e5
74
64
06
00
00
00
00
00
00
00
00
00
00
00
00
00
00
00
00
00
00
00
00
00
00
00
00
00
00
00
00
00
00
00
00
00
00
00
00
00
00
00
00
00
00
00
10
00
00
00
00
00
00
00
52
e5
74
64
04
00
00
00
c8
dd
01
00
00
00
00
00
c8
ed
01
00
00
00
00
00
c8
ed
01
00
00
00
00
00
38
02
00
00
00
00
00
00
38
02
00
00
00
00
00
00
01
00
00
00
00
00
00
00
04
00
00
00
10
00
00
00
05
00
00
00
47
4e
55
00
02
00
00
c0
04
00
00
00
03
00
00
00
00
00
00
00
04
00
00
00
14
00
00
00
03
00
00
00
47
4e
55
00
e3
a4
4e
0d
a9
c6
e8
35
d2
93
ed
8f
d2
88
2b
4c
4a
87
13
0c
00
00
00
00
83
00
00
00
15
00
00
00
10
00
00
00
0a
00
00
00
13
1c
03
18
04
24
00
01
01
81
00
54
44
07
88
10
80
84
00
08
00
0c
05
80
02
04
60
12
54
92
01
b6
12
80
d0
20
c1
00
90
82
74
01
00
04
08
28
c0
02
48
01
2b
20
d0
01
02
28
13
35
04
60
6c
d2
30
21
23
70
60
40
d2
82
48
6a
00
40
01
00
80
03
00
00
12
24
00
08
11
02
08
49
d0
01
24
09
11
28
20
20
08
43
0b
a6
92
48
09
48
08
03
44
0c
0a
1c
12
4f
c7
01
a7
0b
71
84
96
cd
04
c2
c5
0c
a2
db
0e
cc
15
00
00
00
16
00
00
00
19
00
00
00
1c
00
00
00
1d
00
00
00
00
00
00
00
20
00
00
00
21
00
00
00
23
00
00
00
26
00
00
00
28
00
00
00
00
00
00
00
29
00
00
00
2b
00
00
00
2c
00
00
00
30
00
00
00
32
00
00
00
35
00
00
00
36
00
00
00
39
00
00
00
00
00
00
00
3a
00
00
00
3b
00
00
00
3f
00
00
00
41
00
00
00
43
00
00
00
44
00
00
00
45
00
00
00
46
00
00
00
47
00
00
00
49
00
00
00
00
00
00
00
4a
00
00
00
00
00
00
00
4b
00
00
00
00
00
00
00
4c
00
00
00
4e
00
00
00
50
00
00
00
52
00
00
00
53
00
00
00
54
00
00
00
00
00
00
00
00
00
00
00
56
00
00
00
58
00
00
00
00
00
00
00
59
00
00
00
5a
00
00
00
5d
00
00
00
00
00
00
00
5e
00
00
00
60
00
00
00
00
00
00
00
61
00
00
00
62
00
00
00
64
00
00
00
00
00
00
00
00
00
00
00
66
00
00
00
67
00
00
00
00
00
00
00
68
00
00
00
00
00
00
00
00
00
00
00
6a
00
00
00
6b
00
00
00
00
00
00
00
00
00
00
00
6d
00
00
00
6e
00
00
00
6f
00
00
00
70
00
00
00
00
00
00
00
00
00
00
00
00
00
00
00
71
00
00
00
72
00
00
00
00
00
00
00
73
00
00
00
75
00
00
00
76
00
00
00
78
00
00
00
00
00
00
00
7b
00
00
00
00
00
00
00
7d
00
00
00
7e
00
00
00
7f
00
00
00
84
00
00
00
00
00
00
00
87
00
00
00
88
00
00
00
89
00
00
00
8a
00
00
00
00
00
00
00
00
00
00
00
00
00
00
00
8b
00
00
00
8d
00
00
00
00
00
00
00
90
00
00
00
00
00
00
00
92
00
00
00
94
00
00
00
95
00
00
00
00
00
00
00
98
00
00
00
9a
00
00
00
9b
00
00
00
9c
00
00
00
9d
00
00
00
9e
00
00
00
9f
00
00
00
a1
00
00
00
a2
00
00
00
a3
00
00
00
a7
00
00
00
a9
00
00
00
aa
00
00
00
ab
00
00
00
ac
00
00
00
ae
00
00
00
00
00
00
00
00
00
00
00
00
00
00
00
b4
00
00
00
b7
00
00
00
b8
00
00
00
ba
00
00
00
bc
00
00
00
57
eb
14
b8
f2
a7
32
e4
40
f0
11
7a
b3
92
51
bf
fe
bf
14
12
76
a8
32
e4
97
67
98
08
f5
d1
d0
90
e2
79
61
fe
04
16
d1
90
e1
b3
55
b1
73
70
f0
a9
86
c8
f8
f5
e5
79
61
fe
e6
79
61
fe
c2
5b
21
f4
c1
31
65
17
d2
9f
21
f4
5b
e3
f3
a8
6b
27
f4
a8
7a
e7
61
17
4f
70
50
49
e9
6b
81
c1
98
ff
ce
39
ea
43
c2
bf
86
91
a7
1c
d9
28
64
b0
fa
87
c2
bf
fb
87
c2
bf
44
d9
99
79
88
91
a7
1c
6d
6b
f3
c0
3f
5a
c4
91
4e
9e
c4
91
4e
9e
c4
91
2b
7f
d3
a7
3b
c3
d3
a7
6b
d9
08
f8
a0
36
48
49
8e
fc
50
49
e4
9f
85
b1
85
e2
ef
1c
80
df
97
91
09
bb
b9
1c
90
23
98
91
27
3b
cd
59
fd
e8
f1
38
01
92
c5
4f
9d
75
f1
fb
37
3d
cd
59
b2
06
e1
81
61
8f
62
ae
71
d3
62
ae
a5
63
19
82
51
a2
b7
9c
f0
90
34
ad
ab
a8
c6
59
08
27
d1
90
01
2c
f0
a9
10
70
f0
a9
11
70
f0
a9
83
a1
b9
1c
87
ab
14
b8
96
ef
14
b8
dd
b9
86
f0
78
b5
7c
f1
5b
00
bc
cd
15
9e
f2
91
ef
54
c2
bf
fe
98
c2
bf
38
a6
99
79
09
6b
f3
c0
b1
41
af
b6
52
af
c4
91
a1
fa
50
49
25
fb
50
49
2b
10
5f
3b
e8
b0
85
b1
b1
fc
50
49
34
fd
50
49
f9
f4
85
b1
c7
6e
79
3b
fd
21
92
91
f0
fb
b8
90
49
fb
69
0d
ab
6c
cf
59
5a
ad
c6
f3
8b
28
ef
dd
bb
6e
cf
59
05
3d
f0
a9
15
81
f0
a9
a5
57
64
b0
d3
62
3d
85
69
98
73
b1
c0
a5
16
82
39
9d
8c
a2
c5
a5
b9
1c
80
23
62
df
0f
7a
86
f0
1e
be
86
f0
c0
88
c2
bf
5b
a4
aa
74
0c
ce
25
66
83
5f
d8
a7
11
87
01
76
fb
43
0e
f2
42
21
36
7a
42
21
36
7a
0a
88
0e
f2
00
99
b9
1c
fd
92
28
f9
92
1b
32
e4
00
32
17
82
11
6c
0e
82
f3
5f
e0
a7
01
b4
88
90
cf
ff
14
12
c5
11
d1
90
da
d6
cb
50
ed
12
ce
b1
e2
e1
29
e4
d2
a7
32
e4
91
9b
21
f4
6a
af
bf
79
6b
af
bf
79
9a
bf
4d
7b
45
8d
a7
1c
33
43
64
a8
d6
70
f0
a9
ba
83
c2
bf
43
87
64
a8
d2
11
aa
f0
25
9a
34
df
0d
9a
c4
91
39
2c
13
d9
49
70
13
d9
bb
75
b7
79
c7
ae
cc
59
c8
b6
b9
1c
b5
df
85
b1
5f
88
c2
bf
77
19
05
d2
92
9d
6b
da
a8
2a
0e
13
d6
b0
cc
59
03
23
3d
85
da
97
94
65
13
67
3d
85
11
30
17
82
3d
92
6a
83
37
ee
35
7a
ec
35
76
c2
b3
e3
61
df
20
32
17
82
ee
29
1a
7a
c2
27
62
df
a6
45
3f
8d
16
75
c4
59
ef
29
1a
7a
ee
a3
2f
aa
26
77
c4
59
17
3d
cd
59
bd
21
92
91
ce
6b
f0
a9
e3
a5
32
e4
b0
fb
b8
90
67
a6
32
e4
94
9d
10
82
9a
cb
81
5d
e1
56
1a
9a
00
00
00
00
00
00
00
00
00
00
00
00
00
00
00
00
00
00
00
00
00
00
00
00
00
00
00
00
3b
07
00
00
12
00
00
00
00
00
00
00
00
00
00
00
00
00
00
00
00
00
00
00
b0
00
00
00
12
00
00
00
00
00
00
00
00
00
00
00
00
00
00
00
00
00
00
00
10
00
00
00
20
00
00
00
00
00
00
00
00
00
00
00
00
00
00
00
00
00
00
00
cd
08
00
00
22
00
00
00
00
00
00
00
00
00
00
00
00
00
00
00
00
00
00
00
8c
06
00
00
12
00
00
00
00
00
00
00
00
00
00
00
00
00
00
00
00
00
00
00
14
07
00
00
22
00
00
00
00
00
00
00
00
00
00
00
00
00
00
00
00
00
00
00
75
08
00
00
12
00
00
00
00
00
00
00
00
00
00
00
00
00
00
00
00
00
00
00
12
07
00
00
22
00
00
00
00
00
00
00
00
00
00
00
00
00
00
00
00
00
00
00
91
08
00
00
12
00
00
00
00
00
00
00
00
00
00
00
00
00
00
00
00
00
00
00
01
00
00
00
20
00
00
00
00
00
00
00
00
00
00
00
00
00
00
00
00
00
00
00
6e
08
00
00
12
00
00
00
00
00
00
00
00
00
00
00
00
00
00
00
00
00
00
00
31
08
00
00
22
00
00
00
00
00
00
00
00
00
00
00
00
00
00
00
00
00
00
00
34
07
00
00
12
00
00
00
00
00
00
00
00
00
00
00
00
00
00
00
00
00
00
00
21
08
00
00
12
00
00
00
00
00
00
00
00
00
00
00
00
00
00
00
00
00
00
00
98
08
00
00
12
00
00
00
00
00
00
00
00
00
00
00
00
00
00
00
00
00
00
00
2c
00
00
00
20
00
00
00
00
00
00
00
00
00
00
00
00
00
00
00
00
00
00
00
27
07
00
00
22
00
00
00
00
00
00
00
00
00
00
00
00
00
00
00
00
00
00
00
46
00
00
00
22
00
00
00
00
00
00
00
00
00
00
00
00
00
00
00
00
00
00
00
46
08
00
00
22
00
00
00
00
00
00
00
00
00
00
00
00
00
00
00
00
00
00
00
b9
08
00
00
22
00
00
00
00
00
00
00
00
00
00
00
00
00
00
00
00
00
00
00
10
01
00
00
12
00
0f
00
10
49
00
00
00
00
00
00
12
00
00
00
00
00
00
00
3d
04
00
00
12
00
0f
00
b0
d3
00
00
00
00
00
00
e7
02
00
00
00
00
00
00
4c
05
00
00
12
00
0f
00
10
2b
01
00
00
00
00
00
48
03
00
00
00
00
00
00
ef
02
00
00
12
00
0f
00
60
70
00
00
00
00
00
00
96
01
00
00
00
00
00
00
0b
02
00
00
12
00
0f
00
d0
64
00
00
00
00
00
00
0b
00
00
00
00
00
00
00
98
02
00
00
12
00
0f
00
b0
6e
00
00
00
00
00
00
45
00
00
00
00
00
00
00
ad
03
00
00
12
00
0f
00
10
c3
00
00
00
00
00
00
eb
01
00
00
00
00
00
00
4b
04
00
00
12
00
0f
00
a0
d7
00
00
00
00
00
00
2f
01
00
00
00
00
00
00
f9
08
00
00
11
00
f1
ff
00
00
00
00
00
00
00
00
00
00
00
00
00
00
00
00
59
04
00
00
12
00
0f
00
d0
d8
00
00
00
00
00
00
08
02
00
00
00
00
00
00
7c
08
00
00
12
00
0f
00
40
96
01
00
00
00
00
00
84
01
00
00
00
00
00
00
89
03
00
00
12
00
0f
00
40
99
00
00
00
00
00
00
4b
0b
00
00
00
00
00
00
8e
00
00
00
12
00
0f
00
70
47
00
00
00
00
00
00
1f
00
00
00
00
00
00
00
01
09
00
00
11
00
f1
ff
00
00
00
00
00
00
00
00
00
00
00
00
00
00
00
00
13
09
00
00
11
00
f1
ff
00
00
00
00
00
00
00
00
00
00
00
00
00
00
00
00
ca
00
00
00
12
00
0f
00
20
48
00
00
00
00
00
00
13
00
00
00
00
00
00
00
7b
00
00
00
12
00
0f
00
f0
46
00
00
00
00
00
00
47
00
00
00
00
00
00
00
de
00
00
00
12
00
0f
00
60
48
00
00
00
00
00
00
17
00
00
00
00
00
00
00
94
01
00
00
12
00
0f
00
00
4d
00
00
00
00
00
00
3a
00
00
00
00
00
00
00
a0
01
00
00
12
00
0f
00
40
4d
00
00
00
00
00
00
40
00
00
00
00
00
00
00
71
00
00
00
12
00
0f
00
a0
46
00
00
00
00
00
00
47
00
00
00
00
00
00
00
cf
03
00
00
12
00
0f
00
f0
c6
00
00
00
00
00
00
a0
00
00
00
00
00
00
00
bf
06
00
00
12
00
0f
00
b0
71
01
00
00
00
00
00
d2
01
00
00
00
00
00
00
00
07
00
00
12
00
0f
00
e0
74
01
00
00
00
00
00
f7
00
00
00
00
00
00
00
d3
01
00
00
12
00
0f
00
00
51
00
00
00
00
00
00
bd
02
00
00
00
00
00
00
1b
09
00
00
11
00
f1
ff
00
00
00
00
00
00
00
00
00
00
00
00
00
00
00
00
61
03
00
00
12
00
0f
00
20
f2
00
00
00
00
00
00
13
07
00
00
00
00
00
00
75
05
00
00
12
00
0f
00
d0
3d
01
00
00
00
00
00
a8
07
00
00
00
00
00
00
75
05
00
00
12
00
0f
00
d0
3d
01
00
00
00
00
00
a8
07
00
00
00
00
00
00
5c
05
00
00
12
00
0f
00
60
2e
01
00
00
00
00
00
31
02
00
00
00
00
00
00
25
09
00
00
11
00
f1
ff
00
00
00
00
00
00
00
00
00
00
00
00
00
00
00
00
5e
00
00
00
12
00
0f
00
30
46
00
00
00
00
00
00
19
00
00
00
00
00
00
00
b6
01
00
00
12
00
0f
00
d0
4d
00
00
00
00
00
00
4d
00
00
00
00
00
00
00
7e
05
00
00
12
00
0f
00
80
45
01
00
00
00
00
00
89
00
00
00
00
00
00
00
7e
05
00
00
12
00
0f
00
80
45
01
00
00
00
00
00
89
00
00
00
00
00
00
00
54
01
00
00
12
00
0f
00
b0
4b
00
00
00
00
00
00
0c
00
00
00
00
00
00
00
5d
01
00
00
12
00
0f
00
c0
4b
00
00
00
00
00
00
1e
00
00
00
00
00
00
00
04
03
00
00
12
00
0f
00
00
74
00
00
00
00
00
00
00
01
00
00
00
00
00
00
00
04
00
00
12
00
0f
00
e0
ca
00
00
00
00
00
00
e7
00
00
00
00
00
00
00
a6
02
00
00
12
00
0f
00
10
6a
00
00
00
00
00
00
37
01
00
00
00
00
00
00
e1
04
00
00
12
00
0f
00
a0
0e
01
00
00
00
00
00
db
07
00
00
00
00
00
00
61
09
00
00
11
00
f1
ff
00
00
00
00
00
00
00
00
00
00
00
00
00
00
00
00
75
04
00
00
12
00
0f
00
90
dc
00
00
00
00
00
00
2f
01
00
00
00
00
00
00
57
09
00
00
11
00
f1
ff
00
00
00
00
00
00
00
00
00
00
00
00
00
00
00
00
83
04
00
00
12
00
0f
00
c0
dd
00
00
00
00
00
00
00
02
00
00
00
00
00
00
f3
03
00
00
12
00
0f
00
a0
c9
00
00
00
00
00
00
32
01
00
00
00
00
00
00
f8
05
00
00
12
00
0f
00
30
49
01
00
00
00
00
00
0c
00
00
00
00
00
00
00
2f
06
00
00
12
00
0f
00
50
49
01
00
00
00
00
00
23
00
00
00
00
00
00
00
d8
05
00
00
12
00
0f
00
00
49
01
00
00
00
00
00
1c
00
00
00
00
00
00
00
24
04
00
00
12
00
0f
00
90
ce
00
00
00
00
00
00
b9
01
00
00
00
00
00
00
d8
07
00
00
12
00
0f
00
80
8b
01
00
00
00
00
00
1a
01
00
00
00
00
00
00
42
01
00
00
12
00
0f
00
60
4b
00
00
00
00
00
00
17
00
00
00
00
00
00
00
4b
01
00
00
12
00
0f
00
80
4b
00
00
00
00
00
00
22
00
00
00
00
00
00
00
81
02
00
00
12
00
0f
00
e0
66
00
00
00
00
00
00
3d
00
00
00
00
00
00
00
5e
06
00
00
12
00
0f
00
80
49
01
00
00
00
00
00
0c
00
00
00
00
00
00
00
6b
09
00
00
11
00
f1
ff
00
00
00
00
00
00
00
00
00
00
00
00
00
00
00
00
05
05
00
00
12
00
0f
00
e0
1e
01
00
00
00
00
00
24
01
00
00
00
00
00
00
67
04
00
00
12
00
0f
00
e0
da
00
00
00
00
00
00
a3
01
00
00
00
00
00
00
ee
01
00
00
12
00
0f
00
40
5a
00
00
00
00
00
00
22
05
00
00
00
00
00
00
6c
05
00
00
12
00
0f
00
a0
30
01
00
00
00
00
00
2f
0d
00
00
00
00
00
00
6c
05
00
00
12
00
0f
00
a0
30
01
00
00
00
00
00
2f
0d
00
00
00
00
00
00
39
09
00
00
11
00
f1
ff
00
00
00
00
00
00
00
00
00
00
00
00
00
00
00
00
