7f
45
4c
46
02
01
01
03
00
00
00
00
00
00
00
00
03
00
3e
00
01
00
00
00
00
00
00
00
00
00
00
00
40
00
00
00
00
00
00
00
50
52
0e
00
00
00
00
00
00
00
00
00
40
00
38
00
0b
00
40
00
1f
00
1e
00
01
00
00
00
04
00
00
00
00
00
00
00
00
00
00
00
00
00
00
00
00
00
00
00
00
00
00
00
00
00
00
00
e0
d2
00
00
00
00
00
00
e0
d2
00
00
00
00
00
00
00
10
00
00
00
00
00
00
01
00
00
00
05
00
00
00
00
e0
00
00
00
00
00
00
00
e0
00
00
00
00
00
00
00
e0
00
00
00
00
00
00
d5
b8
07
00
00
00
00
00
d5
b8
07
00
00
00
00
00
00
10
00
00
00
00
00
00
01
00
00
00
04
00
00
00
00
a0
08
00
00
00
00
00
00
a0
08
00
00
00
00
00
00
a0
08
00
00
00
00
00
e4
a7
05
00
00
00
00
00
e4
a7
05
00
00
00
00
00
00
10
00
00
00
00
00
00
01
00
00
00
06
00
00
00
80
4d
0e
00
00
00
00
00
80
5d
0e
00
00
00
00
00
80
5d
0e
00
00
00
00
00
7c
03
00
00
00
00
00
00
88
03
00
00
00
00
00
00
00
10
00
00
00
00
00
00
02
00
00
00
06
00
00
00
90
4d
0e
00
00
00
00
00
90
5d
0e
00
00
00
00
00
90
5d
0e
00
00
00
00
00
20
02
00
00
00
00
00
00
20
02
00
00
00
00
00
00
08
00
00
00
00
00
00
00
04
00
00
00
04
00
00
00
a8
02
00
00
00
00
00
00
a8
02
00
00
00
00
00
00
a8
02
00
00
00
00
00
00
30
00
00
00
00
00
00
00
30
00
00
00
00
00
00
00
08
00
00
00
00
00
00
00
04
00
00
00
04
00
00
00
d8
02
00
00
00
00
00
00
d8
02
00
00
00
00
00
00
d8
02
00
00
00
00
00
00
44
00
00
00
00
00
00
00
44
00
00
00
00
00
00
00
04
00
00
00
00
00
00
00
53
e5
74
64
04
00
00
00
a8
02
00
00
00
00
00
00
a8
02
00
00
00
00
00
00
a8
02
00
00
00
00
00
00
30
00
00
00
00
00
00
00
30
00
00
00
00
00
00
00
08
00
00
00
00
00
00
00
50
e5
74
64
04
00
00
00
90
84
0d
00
00
00
00
00
90
84
0d
00
00
00
00
00
90
84
0d
00
00
00
00
00
1c
1b
00
00
00
00
00
00
1c
1b
00
00
00
00
00
00
04
00
00
00
00
00
00
00
51
e5
74
64
06
00
00
00
00
00
00
00
00
00
00
00
00
00
00
00
00
00
00
00
00
00
00
00
00
00
00
00
00
00
00
00
00
00
00
00
00
00
00
00
00
00
00
00
10
00
00
00
00
00
00
00
52
e5
74
64
04
00
00
00
80
4d
0e
00
00
00
00
00
80
5d
0e
00
00
00
00
00
80
5d
0e
00
00
00
00
00
80
02
00
00
00
00
00
00
80
02
00
00
00
00
00
00
01
00
00
00
00
00
00
00
04
00
00
00
20
00
00
00
05
00
00
00
47
4e
55
00
02
00
00
c0
04
00
00
00
03
00
00
00
00
00
00
00
02
80
00
c0
04
00
00
00
01
00
00
00
00
00
00
00
04
00
00
00
14
00
00
00
03
00
00
00
47
4e
55
00
b5
5b
a6
d8
b5
95
4b
47
9f
ab
2a
69
a5
4b
9f
56
45
1f
be
e0
04
00
00
00
10
00
00
00
01
00
00
00
47
4e
55
00
00
00
00
00
03
00
00
00
02
00
00
00
00
00
00
00
00
00
00
00
e2
03
00
00
11
00
00
00
80
00
00
00
0d
00
00
00
a5
40
00
40
41
48
10
04
2a
54
04
4e
02
0f
75
00
4a
e8
80
22
00
71
08
ca
48
60
00
80
00
36
4a
40
14
84
26
10
50
41
df
c0
50
11
02
29
20
10
78
82
14
08
00
92
12
00
80
28
aa
04
25
40
8a
60
18
00
02
23
00
45
20
10
2a
02
10
a4
09
66
8d
51
06
8a
11
00
00
00
04
21
12
40
05
08
30
30
d4
4a
3a
20
d0
00
08
12
01
84
69
4a
47
89
0c
10
80
48
20
00
60
28
90
14
0a
05
12
02
02
88
00
06
00
08
02
40
40
08
c3
18
22
84
05
41
30
45
04
20
88
23
09
00
40
42
10
40
83
21
41
00
04
60
00
08
4a
01
09
94
01
80
80
08
00
30
48
32
02
88
08
01
08
20
44
10
01
21
ac
0d
0a
10
20
0c
02
00
c8
53
22
f0
88
87
00
20
00
44
40
00
10
01
80
80
82
91
00
21
86
49
02
08
12
00
00
29
00
52
08
04
82
10
00
20
08
09
80
64
02
00
20
00
12
32
01
00
22
00
40
04
01
56
00
22
08
81
52
08
a6
1c
02
a0
80
00
4a
20
28
86
10
a8
14
63
1d
88
e9
11
00
c0
10
84
04
41
18
08
00
00
00
04
00
00
00
08
10
00
10
48
20
50
40
14
80
40
01
14
02
01
10
04
00
41
00
00
82
01
82
e0
a2
00
60
98
86
86
09
a0
81
00
70
04
11
41
e1
8a
26
dc
68
01
83
30
00
a3
20
a0
00
10
52
04
20
04
ad
88
08
00
02
47
18
26
70
08
80
04
50
91
2c
2f
13
42
14
21
88
08
05
65
40
40
10
42
18
a2
42
10
60
22
00
40
14
00
4a
c0
02
00
34
20
10
86
00
11
30
02
42
00
04
0d
22
82
05
82
a0
1d
16
d5
18
84
00
06
4a
97
20
00
00
80
80
01
01
50
4a
35
90
4a
d0
62
50
90
2b
68
69
d8
f2
4b
c2
52
01
25
00
05
16
18
24
40
13
22
09
5c
80
2c
00
38
82
14
41
04
01
80
22
22
02
01
08
00
03
23
9a
15
84
06
00
30
02
41
81
20
0c
02
60
82
40
88
89
08
00
80
19
00
00
01
00
41
88
04
18
00
00
86
11
00
1d
94
20
51
38
09
20
6f
96
4e
43
42
82
30
00
12
81
13
21
58
84
10
80
11
40
a4
6f
42
08
a3
00
4a
00
24
04
02
42
04
91
51
5a
a0
2d
d8
02
c7
41
21
a0
00
a8
44
48
82
13
8c
48
44
de
50
41
65
0a
1c
0e
22
3d
80
00
05
61
8c
20
20
44
c3
51
c0
0e
02
06
41
f2
08
10
80
41
08
08
01
00
51
10
40
06
38
04
04
15
10
c5
09
02
08
42
00
00
09
05
20
09
08
00
00
00
00
48
00
60
0c
80
0e
20
02
24
0a
20
a5
00
0c
10
18
28
01
20
20
00
01
04
30
16
00
00
88
08
c1
00
8c
1e
f0
20
80
00
c8
13
80
40
01
80
00
01
80
0a
00
02
0a
10
20
04
01
80
44
43
03
f4
26
44
00
20
85
01
04
81
36
00
90
02
05
04
01
a2
20
05
00
08
83
71
40
a0
81
ca
10
20
24
60
80
02
20
0a
00
80
5d
42
00
2e
4c
04
00
00
70
02
61
02
00
0a
a5
01
84
10
26
a0
80
29
57
95
e1
08
80
26
57
18
09
a1
0e
00
82
80
10
a0
1a
48
09
f0
20
05
90
d6
11
25
80
12
50
14
2b
7a
00
10
82
00
b0
20
00
88
40
24
81
10
4a
05
90
5b
40
60
90
40
1c
01
24
06
62
06
18
82
61
00
0c
48
80
00
a2
88
c8
61
d4
00
fc
41
a0
91
36
01
80
01
22
00
c0
f8
10
d4
18
00
00
15
88
40
40
40
9e
a6
86
00
40
80
00
0c
10
8b
01
8a
48
b5
e8
20
8e
9b
82
11
40
10
fe
20
10
21
86
18
83
41
00
00
80
32
46
71
80
60
00
2a
b8
10
0e
41
00
01
42
90
b0
25
00
02
91
00
82
40
85
88
20
2e
00
0f
09
8a
00
12
10
ac
01
48
84
15
28
2c
8a
dc
00
20
22
cd
0d
90
42
10
26
2c
66
25
0c
20
08
a0
00
48
5e
4d
20
00
a8
c2
80
43
28
20
40
08
92
04
02
10
a0
d2
10
68
20
09
00
14
00
00
02
08
51
54
02
10
88
52
49
08
00
00
00
03
82
04
23
0a
0e
18
0c
10
40
12
88
04
20
00
2e
a2
15
80
0e
0c
00
28
80
65
c5
15
10
84
d4
10
52
00
01
48
00
12
06
49
c8
05
18
40
43
26
20
08
01
00
10
15
22
91
40
a0
40
a0
10
0e
40
10
40
80
00
91
88
1c
10
82
42
40
82
11
00
00
00
12
00
00
00
13
00
00
00
15
00
00
00
16
00
00
00
18
00
00
00
19
00
00
00
00
00
00
00
1a
00
00
00
1e
00
00
00
1f
00
00
00
20
00
00
00
21
00
00
00
24
00
00
00
00
00
00
00
25
00
00
00
26
00
00
00
27
00
00
00
28
00
00
00
2a
00
00
00
00
00
00
00
2c
00
00
00
2d
00
00
00
2e
00
00
00
2f
00
00
00
30
00
00
00
31
00
00
00
00
00
00
00
32
00
00
00
33
00
00
00
00
00
00
00
34
00
00
00
36
00
00
00
00
00
00
00
00
00
00
00
00
00
00
00
38
00
00
00
00
00
00
00
39
00
00
00
00
00
00
00
3a
00
00
00
3b
00
00
00
3d
00
00
00
3e
00
00
00
41
00
00
00
43
00
00
00
44
00
00
00
46
00
00
00
47
00
00
00
48
00
00
00
00
00
00
00
00
00
00
00
49
00
00
00
00
00
00
00
4a
00
00
00
4b
00
00
00
00
00
00
00
00
00
00
00
4d
00
00
00
4e
00
00
00
4f
00
00
00
52
00
00
00
53
00
00
00
55
00
00
00
00
00
00
00
58
00
00
00
5b
00
00
00
00
00
00
00
00
00
00
00
5c
00
00
00
00
00
00
00
5d
00
00
00
60
00
00
00
00
00
00
00
64
00
00
00
00
00
00
00
00
00
00
00
65
00
00
00
00
00
00
00
67
00
00
00
68
00
00
00
6a
00
00
00
00
00
00
00
00
00
00
00
6c
00
00
00
6e
00
00
00
6f
00
00
00
71
00
00
00
00
00
00
00
72
00
00
00
74
00
00
00
75
00
00
00
77
00
00
00
79
00
00
00
7a
00
00
00
7b
00
00
00
7d
00
00
00
00
00
00
00
7e
00
00
00
7f
00
00
00
80
00
00
00
00
00
00
00
00
00
00
00
82
00
00
00
84
00
00
00
00
00
00
00
86
00
00
00
88
00
00
00
89
00
00
00
8a
00
00
00
8b
00
00
00
00
00
00
00
8c
00
00
00
00
00
00
00
8d
00
00
00
8e
00
00
00
00
00
00
00
00
00
00
00
00
00
00
00
8f
00
00
00
92
00
00
00
94
00
00
00
97
00
00
00
99
00
00
00
00
00
00
00
9b
00
00
00
9c
00
00
00
00
00
00
00
9d
00
00
00
9e
00
00
00
a1
00
00
00
a2
00
00
00
00
00
00
00
00
00
00
00
a3
00
00
00
a5
00
00
00
00
00
00
00
00
00
00
00
a6
00
00
00
a7
00
00
00
a9
00
00
00
aa
00
00
00
ac
00
00
00
ad
00
00
00
ae
00
00
00
00
00
00
00
b0
00
00
00
b1
00
00
00
b3
00
00
00
b5
00
00
00
b6
00
00
00
00
00
00
00
b7
00
00
00
b8
00
00
00
b9
00
00
00
bb
00
00
00
bc
00
00
00
be
00
00
00
00
00
00
00
00
00
00
00
00
00
00
00
00
00
00
00
bf
00
00
00
c1
00
00
00
c4
00
00
00
c8
00
00
00
00
00
00
00
00
00
00
00
ca
00
00
00
cb
00
00
00
cc
00
00
00
cf
00
00
00
00
00
00
00
00
00
00
00
d1
00
00
00
d3
00
00
00
00
00
00
00
d4
00
00
00
00
00
00
00
d6
00
00
00
d8
00
00
00
d9
00
00
00
00
00
00
00
da
00
00
00
de
00
00
00
e0
00
00
00
00
00
00
00
e1
00
00
00
e3
00
00
00
e5
00
00
00
00
00
00
00
00
00
00
00
00
00
00
00
e6
00
00
00
e7
00
00
00
e8
00
00
00
ea
00
00
00
eb
00
00
00
ec
00
00
00
ee
00
00
00
ef
00
00
00
f3
00
00
00
f5
00
00
00
00
00
00
00
f6
00
00
00
f7
00
00
00
fa
00
00
00
fe
00
00
00
00
00
00
00
00
01
00
00
02
01
00
00
03
01
00
00
00
00
00
00
05
01
00
00
06
01
00
00
07
01
00
00
09
01
00
00
0c
01
00
00
0e
01
00
00
11
01
00
00
12
01
00
00
14
01
00
00
15
01
00
00
1a
01
00
00
1e
01
00
00
21
01
00
00
00
00
00
00
22
01
00
00
00
00
00
00
23
01
00
00
25
01
00
00
26
01
00
00
00
00
00
00
28
01
00
00
29
01
00
00
2d
01
00
00
31
01
00
00
33
01
00
00
34
01
00
00
35
01
00
00
00
00
00
00
37
01
00
00
00
00
00
00
00
00
00
00
00
00
00
00
39
01
00
00
00
00
00
00
3b
01
00
00
00
00
00
00
3d
01
00
00
3f
01
00
00
00
00
00
00
41
01
00
00
42
01
00
00
00
00
00
00
43
01
00
00
45
01
00
00
00
00
00
00
46
01
00
00
00
00
00
00
48
01
00
00
49
01
00
00
00
00
00
00
4b
01
00
00
00
00
00
00
4d
01
00
00
4e
01
00
00
4f
01
00
00
51
01
00
00
52
01
00
00
53
01
00
00
00
00
00
00
00
00
00
00
00
00
00
00
00
00
00
00
54
01
00
00
00
00
00
00
00
00
00
00
59
01
00
00
5a
01
00
00
00
00
00
00
5b
01
00
00
00
00
00
00
00
00
00
00
00
00
00
00
5d
01
00
00
60
01
00
00
62
01
00
00
65
01
00
00
66
01
00
00
00
00
00
00
67
01
00
00
69
01
00
00
00
00
00
00
6b
01
00
00
6d
01
00
00
00
00
00
00
00
00
00
00
00
00
00
00
6f
01
00
00
70
01
00
00
73
01
00
00
74
01
00
00
76
01
00
00
78
01
00
00
79
01
00
00
7a
01
00
00
7b
01
00
00
7d
01
00
00
7f
01
00
00
80
01
00
00
82
01
00
00
84
01
00
00
00
00
00
00
85
01
00
00
00
00
00
00
86
01
00
00
87
01
00
00
88
01
00
00
00
00
00
00
89
01
00
00
8a
01
00
00
8b
01
00
00
8d
01
00
00
91
01
00
00
00
00
00
00
92
01
00
00
93
01
00
00
95
01
00
00
98
01
00
00
9a
01
00
00
00
00
00
00
9d
01
00
00
9e
01
00
00
9f
01
00
00
00
00
00
00
a0
01
00
00
00
00
00
00
a3
01
00
00
a6
01
00
00
a9
01
00
00
00
00
00
00
ab
01
00
00
00
00
00
00
ac
01
00
00
ad
01
00
00
af
01
00
00
00
00
00
00
00
00
00
00
b0
01
00
00
00
00
00
00
b1
01
00
00
b3
01
00
00
b4
01
00
00
00
00
00
00
00
00
00
00
00
00
00
00
00
00
00
00
b6
01
00
00
b9
01
00
00
bb
01
00
00
be
01
00
00
bf
01
00
00
c0
01
00
00
c2
01
00
00
00
00
00
00
c3
01
00
00
c4
01
00
00
00
00
00
00
c5
01
00
00
00
00
00
00
c7
01
00
00
ca
01
00
00
00
00
00
00
00
00
00
00
cb
01
00
00
cd
01
00
00
ce
01
00
00
d0
01
00
00
d1
01
00
00
d3
01
00
00
d4
01
00
00
00
00
00
00
d5
01
00
00
d6
01
00
00
d7
01
00
00
da
01
00
00
db
01
00
00
dc
01
00
00
00
00
00
00
df
01
00
00
00
00
00
00
e0
01
00
00
e1
01
00
00
00
00
00
00
e3
01
00
00
e7
01
00
00
e8
01
00
00
00
00
00
00
ea
01
00
00
eb
01
00
00
00
00
00
00
ef
01
00
00
f2
01
00
00
f3
01
00
00
f4
01
00
00
f5
01
00
00
f8
01
00
00
f9
01
00
00
fc
01
00
00
00
00
00
00
fd
01
00
00
00
02
00
00
01
02
00
00
00
00
00
00
00
00
00
00
02
02
00
00
00
00
00
00
05
02
00
00
00
00
00
00
00
00
00
00
06
02
00
00
07
02
00
00
08
02
00
00
0b
02
00
00
00
00
00
00
0c
02
00
00
00
00
00
00
0d
02
00
00
0e
02
00
00
0f
02
00
00
12
02
00
00
16
02
00
00
17
02
00
00
18
02
00
00
1a
02
00
00
1b
02
00
00
1c
02
00
00
1e
02
00
00
00
00
00
00
20
02
00
00
21
02
00
00
22
02
00
00
23
02
00
00
24
02
00
00
00
00
00
00
00
00
00
00
25
02
00
00
00
00
00
00
28
02
00
00
00
00
00
00
2a
02
00
00
2b
02
00
00
00
00
00
00
2d
02
00
00
2f
02
00
00
00
00
00
00
30
02
00
00
00
00
00
00
34
02
00
00
35
02
00
00
36
02
00
00
38
02
00
00
3a
02
00
00
00
00
00
00
3c
02
00
00
3d
02
00
00
3e
02
00
00
3f
02
00
00
41
02
00
00
00
00
00
00
00
00
00
00
43
02
00
00
45
02
00
00
46
02
00
00
47
02
00
00
00
00
00
00
48
02
00
00
00
00
00
00
00
00
00
00
49
02
00
00
4b
02
00
00
00
00
00
00
4d
02
00
00
00
00
00
00
4e
02
00
00
00
00
00
00
00
00
00
00
50
02
00
00
51
02
00
00
00
00
00
00
52
02
00
00
54
02
00
00
00
00
00
00
55
02
00
00
57
02
00
00
59
02
00
00
5b
02
00
00
5d
02
00
00
5e
02
00
00
5f
02
00
00
61
02
00
00
00
00
00
00
65
02
00
00
66
02
00
00
67
02
00
00
68
02
00
00
6b
02
00
00
6d
02
00
00
6e
02
00
00
6f
02
00
00
70
02
00
00
71
02
00
00
00
00
00
00
74
02
00
00
00
00
00
00
76
02
00
00
7a
02
00
00
00
00
00
00
00
00
00
00
7c
02
00
00
00
00
00
00
7e
02
00
00
00
00
00
00
80
02
00
00
00
00
00
00
81
02
00
00
83
02
00
00
86
02
00
00
88
02
00
00
00
00
00
00
00
00
00
00
8a
02
00
00
8b
02
00
00
8d
02
00
00
8e
02
00
00
92
02
00
00
93
02
00
00
94
02
00
00
95
02
00
00
97
02
00
00
98
02
00
00
00
00
00
00
9a
02
00
00
00
00
00
00
9d
02
00
00
00
00
00
00
9f
02
00
00
a0
02
00
00
a1
02
00
00
a4
02
00
00
a5
02
00
00
a6
02
00
00
a9
02
00
00
00
00
00
00
00
00
00
00
00
00
00
00
aa
02
00
00
ad
02
00
00
af
02
00
00
b3
02
00
00
00
00
00
00
b5
02
00
00
00
00
00
00
