f0
ad
01
00
00
00
00
00
00
a0
9c
1b
3c
7f
00
00
30
ad
6b
20
3c
7f
00
00
30
00
9b
1b
3c
7f
00
00
40
00
9b
1b
3c
7f
00
00
50
00
9b
1b
3c
7f
00
00
60
00
9b
1b
3c
7f
00
00
70
00
9b
1b
3c
7f
00
00
80
00
9b
1b
3c
7f
00
00
90
00
9b
1b
3c
7f
00
00
a0
00
9b
1b
3c
7f
00
00
b0
00
9b
1b
3c
7f
00
00
c0
00
9b
1b
3c
7f
00
00
d0
00
9b
1b
3c
7f
00
00
e0
00
9b
1b
3c
7f
00
00
f0
00
9b
1b
3c
7f
00
00
00
01
9b
1b
3c
7f
00
00
10
01
9b
1b
3c
7f
00
00
20
01
9b
1b
3c
7f
00
00
30
01
9b
1b
3c
7f
00
00
40
01
9b
1b
3c
7f
00
00
a8
90
9c
1b
3c
7f
00
00
00
00
00
00
00
00
00
00
33
32
39
65
63
62
66
31
64
65
63
30
62
62
36
30
31
38
30
65
65
64
32
35
36
64
33
31
39
66
2e
64
65
62
75
67
00
00
00
00
83
45
29
bb
00
2e
73
68
73
74
72
74
61
62
00
2e
6e
6f
74
65
2e
67
6e
75
2e
70
72
6f
70
65
72
74
79
00
2e
6e
6f
74
65
2e
67
6e
75
2e
62
75
69
6c
64
2d
69
64
00
2e
67
6e
75
2e
68
61
73
68
00
2e
64
79
6e
73
79
6d
00
2e
64
79
6e
73
74
72
00
2e
67
6e
75
2e
76
65
72
73
69
6f
6e
00
2e
67
6e
75
2e
76
65
72
73
69
6f
6e
5f
64
00
2e
67
6e
75
2e
76
65
72
73
69
6f
6e
5f
72
00
2e
72
65
6c
61
2e
64
79
6e
00
2e
72
65
6c
61
2e
70
6c
74
00
2e
69
6e
69
74
00
2e
70
6c
74
2e
67
6f
74
00
2e
70
6c
74
2e
73
65
63
00
2e
74
65
78
74
00
2e
66
69
6e
69
00
2e
72
6f
64
61
74
61
00
2e
65
68
5f
66
72
61
6d
65
5f
68
64
72
00
2e
65
68
5f
66
72
61
6d
65
00
2e
69
6e
69
74
5f
61
72
72
61
79
00
2e
66
69
6e
69
5f
61
72
72
61
79
00
2e
64
61
74
61
2e
72
65
6c
2e
72
6f
00
2e
64
79
6e
61
6d
69
63
00
2e
67
6f
74
2e
70
6c
74
00
2e
64
61
74
61
00
2e
62
73
73
00
2e
67
6e
75
5f
64
65
62
75
67
6c
69
6e
6b
00
00
00
00
00
00
00
00
00
00
00
00
00
00
00
00
00
00
00
00
00
00
00
00
00
00
00
00
00
00
00
00
00
00
00
00
00
00
00
00
00
00
00
00
00
00
00
00
00
00
00
00
00
00
00
00
00
00
00
00
00
00
00
00
00
00
00
00
00
00
0b
00
00
00
07
00
00
00
02
00
00
00
00
00
00
00
a8
02
00
00
00
00
00
00
a8
02
00
00
00
00
00
00
20
00
00
00
00
00
00
00
00
00
00
00
00
00
00
00
08
00
00
00
00
00
00
00
00
00
00
00
00
00
00
00
1e
00
00
00
07
00
00
00
02
00
00
00
00
00
00
00
c8
02
00
00
00
00
00
00
c8
02
00
00
00
00
00
00
24
00
00
00
00
00
00
00
00
00
00
00
00
00
00
00
04
00
00
00
00
00
00
00
00
00
00
00
00
00
00
00
31
00
00
00
f6
ff
ff
6f
02
00
00
00
00
00
00
00
f0
02
00
00
00
00
00
00
f0
02
00
00
00
00
00
00
9c
03
00
00
00
00
00
00
04
00
00
00
00
00
00
00
08
00
00
00
00
00
00
00
00
00
00
00
00
00
00
00
3b
00
00
00
0b
00
00
00
02
00
00
00
00
00
00
00
90
06
00
00
00
00
00
00
90
06
00
00
00
00
00
00
40
0b
00
00
00
00
00
00
05
00
00
00
01
00
00
00
08
00
00
00
00
00
00
00
18
00
00
00
00
00
00
00
43
00
00
00
03
00
00
00
02
00
00
00
00
00
00
00
d0
11
00
00
00
00
00
00
d0
11
00
00
00
00
00
00
8e
05
00
00
00
00
00
00
00
00
00
00
00
00
00
00
01
00
00
00
00
00
00
00
00
00
00
00
00
00
00
00
4b
00
00
00
ff
ff
ff
6f
02
00
00
00
00
00
00
00
5e
17
00
00
00
00
00
00
5e
17
00
00
00
00
00
00
f0
00
00
00
00
00
00
00
04
00
00
00
00
00
00
00
02
00
00
00
00
00
00
00
02
00
00
00
00
00
00
00
58
00
00
00
fd
ff
ff
6f
02
00
00
00
00
00
00
00
50
18
00
00
00
00
00
00
50
18
00
00
00
00
00
00
e8
01
00
00
00
00
00
00
05
00
00
00
0e
00
00
00
08
00
00
00
00
00
00
00
00
00
00
00
00
00
00
00
67
00
00
00
fe
ff
ff
6f
02
00
00
00
00
00
00
00
38
1a
00
00
00
00
00
00
38
1a
00
00
00
00
00
00
50
00
00
00
00
00
00
00
05
00
00
00
01
00
00
00
08
00
00
00
00
00
00
00
00
00
00
00
00
00
00
00
76
00
00
00
04
00
00
00
02
00
00
00
00
00
00
00
88
1a
00
00
00
00
00
00
88
1a
00
00
00
00
00
00
00
03
00
00
00
00
00
00
04
00
00
00
00
00
00
00
08
00
00
00
00
00
00
00
18
00
00
00
00
00
00
00
80
00
00
00
04
00
00
00
42
00
00
00
00
00
00
00
88
1d
00
00
00
00
00
00
88
1d
00
00
00
00
00
00
b0
01
00
00
00
00
00
00
04
00
00
00
19
00
00
00
08
00
00
00
00
00
00
00
18
00
00
00
00
00
00
00
8a
00
00
00
01
00
00
00
06
00
00
00
00
00
00
00
00
20
00
00
00
00
00
00
00
20
00
00
00
00
00
00
1b
00
00
00
00
00
00
00
00
00
00
00
00
00
00
00
04
00
00
00
00
00
00
00
00
00
00
00
00
00
00
00
85
00
00
00
01
00
00
00
06
00
00
00
00
00
00
00
20
20
00
00
00
00
00
00
20
20
00
00
00
00
00
00
30
01
00
00
00
00
00
00
00
00
00
00
00
00
00
00
10
00
00
00
00
00
00
00
10
00
00
00
00
00
00
00
90
00
00
00
01
00
00
00
06
00
00
00
00
00
00
00
50
21
00
00
00
00
00
00
50
21
00
00
00
00
00
00
10
00
00
00
00
00
00
00
00
00
00
00
00
00
00
00
10
00
00
00
00
00
00
00
10
00
00
00
00
00
00
00
99
00
00
00
01
00
00
00
06
00
00
00
00
00
00
00
60
21
00
00
00
00
00
00
60
21
00
00
00
00
00
00
20
01
00
00
00
00
00
00
00
00
00
00
00
00
00
00
10
00
00
00
00
00
00
00
10
00
00
00
00
00
00
00
a2
00
00
00
01
00
00
00
06
00
00
00
00
00
00
00
80
22
00
00
00
00
00
00
80
22
00
00
00
00
00
00
94
09
01
00
00
00
00
00
00
00
00
00
00
00
00
00
10
00
00
00
00
00
00
00
00
00
00
00
00
00
00
00
a8
00
00
00
01
00
00
00
06
00
00
00
00
00
00
00
14
2c
01
00
00
00
00
00
14
2c
01
00
00
00
00
00
0d
00
00
00
00
00
00
00
00
00
00
00
00
00
00
00
04
00
00
00
00
00
00
00
00
00
00
00
00
00
00
00
ae
00
00
00
01
00
00
00
02
00
00
00
00
00
00
00
00
30
01
00
00
00
00
00
00
30
01
00
00
00
00
00
85
42
00
00
00
00
00
00
00
00
00
00
00
00
00
00
20
00
00
00
00
00
00
00
00
00
00
00
00
00
00
00
b6
00
00
00
01
00
00
00
02
00
00
00
00
00
00
00
88
72
01
00
00
00
00
00
88
72
01
00
00
00
00
00
d4
03
00
00
00
00
00
00
00
00
00
00
00
00
00
00
04
00
00
00
00
00
00
00
00
00
00
00
00
00
00
00
c4
00
00
00
01
00
00
00
02
00
00
00
00
00
00
00
60
76
01
00
00
00
00
00
60
76
01
00
00
00
00
00
14
18
00
00
00
00
00
00
00
00
00
00
00
00
00
00
08
00
00
00
00
00
00
00
00
00
00
00
00
00
00
00
ce
00
00
00
0e
00
00
00
03
00
00
00
00
00
00
00
90
ac
01
00
00
00
00
00
90
9c
01
00
00
00
00
00
08
00
00
00
00
00
00
00
00
00
00
00
00
00
00
00
08
00
00
00
00
00
00
00
08
00
00
00
00
00
00
00
da
00
00
00
0f
00
00
00
03
00
00
00
00
00
00
00
98
ac
01
00
00
00
00
00
98
9c
01
00
00
00
00
00
08
00
00
00
00
00
00
00
00
00
00
00
00
00
00
00
08
00
00
00
00
00
00
00
08
00
00
00
00
00
00
00
e6
00
00
00
01
00
00
00
03
00
00
00
00
00
00
00
a0
ac
01
00
00
00
00
00
a0
9c
01
00
00
00
00
00
50
01
00
00
00
00
00
00
00
00
00
00
00
00
00
00
20
00
00
00
00
00
00
00
00
00
00
00
00
00
00
00
f3
00
00
00
06
00
00
00
03
00
00
00
00
00
00
00
f0
ad
01
00
00
00
00
00
f0
9d
01
00
00
00
00
00
f0
01
00
00
00
00
00
00
05
00
00
00
00
00
00
00
08
00
00
00
00
00
00
00
10
00
00
00
00
00
00
00
94
00
00
00
01
00
00
00
03
00
00
00
00
00
00
00
e0
af
01
00
00
00
00
00
e0
9f
01
00
00
00
00
00
20
00
00
00
00
00
00
00
00
00
00
00
00
00
00
00
08
00
00
00
00
00
00
00
08
00
00
00
00
00
00
00
fc
00
00
00
01
00
00
00
03
00
00
00
00
00
00
00
00
b0
01
00
00
00
00
00
00
a0
01
00
00
00
00
00
a8
00
00
00
00
00
00
00
00
00
00
00
00
00
00
00
08
00
00
00
00
00
00
00
08
00
00
00
00
00
00
00
05
01
00
00
01
00
00
00
03
00
00
00
00
00
00
00
a8
b0
01
00
00
00
00
00
a8
a0
01
00
00
00
00
00
08
00
00
00
00
00
00
00
00
00
00
00
00
00
00
00
08
00
00
00
00
00
00
00
00
00
00
00
00
00
00
00
0b
01
00
00
08
00
00
00
03
00
00
00
00
00
00
00
b0
b0
01
00
00
00
00
00
b0
a0
01
00
00
00
00
00
08
00
00
00
00
00
00
00
00
00
00
00
00
00
00
00
01
00
00
00
00
00
00
00
00
00
00
00
00
00
00
00
10
01
00
00
01
00
00
00
00
00
00
00
00
00
00
00
00
00
00
00
00
00
00
00
b0
a0
01
00
00
00
00
00
34
00
00
00
00
00
00
00
00
00
00
00
00
00
00
00
04
00
00
00
00
00
00
00
00
00
00
00
00
00
00
00
01
00
00
00
03
00
00
00
00
00
00
00
00
00
00
00
00
00
00
00
00
00
00
00
e4
a0
01
00
00
00
00
00
1f
01
00
00
00
00
00
00
00
00
00
00
00
00
00
00
01
00
00
00
00
00
00
00
00
00
00
00
00
00
00
00
00
00
00
00
00
00
00
00
00
00
00
00
00
00
00
00
00
00
00
00
00
00
00
00
00
00
00
00
00
00
00
00
00
00
00
00
00
00
00
00
00
00
00
00
00
00
00
00
00
00
00
00
00
00
00
00
00
00
00
00
00
00
00
00
00
00
00
00
00
00
00
00
00
00
00
00
00
00
00
00
00
00
00
00
00
00
00
00
00
00
00
00
00
00
00
00
00
00
00
00
00
00
00
00
00
00
00
00
00
00
00
00
00
00
00
00
00
00
00
00
00
00
00
00
00
00
00
00
00
00
00
00
00
00
00
00
00
00
00
00
00
00
00
00
00
00
00
00
00
00
00
00
00
00
00
00
00
00
00
00
00
00
00
00
00
00
00
00
00
00
00
00
00
00
00
00
00
00
00
00
00
00
00
00
00
00
00
00
00
00
00
00
00
00
00
00
00
00
00
00
00
00
00
00
00
00
00
00
00
00
00
00
00
00
00
00
00
00
00
00
00
00
00
00
00
00
00
00
00
00
00
00
00
00
00
00
00
00
00
00
00
00
00
00
00
00
00
00
00
00
00
00
00
00
00
00
00
00
00
00
00
00
00
00
00
00
00
00
00
00
00
00
00
00
00
00
00
00
00
00
00
00
00
00
00
00
00
00
00
00
00
00
00
00
00
00
00
00
00
00
00
00
00
00
00
00
00
00
00
00
00
00
00
00
00
00
00
00
00
00
00
00
00
00
00
00
00
00
00
00
00
00
00
00
00
00
00
00
00
00
00
00
00
00
00
00
00
00
00
00
00
00
00
00
00
00
00
00
00
00
00
00
00
00
00
00
00
00
00
00
00
00
00
00
00
00
00
00
00
00
00
00
00
00
00
00
00
00
00
00
00
00
00
00
00
00
00
00
00
00
00
00
00
00
00
00
00
00
00
00
00
00
00
00
00
00
00
00
00
00
00
00
00
00
00
00
00
00
00
00
00
00
00
00
00
00
00
00
00
00
00
00
00
00
00
00
00
00
00
00
00
00
00
00
00
00
00
00
00
00
00
00
00
00
00
00
00
00
00
00
00
00
00
00
00
00
00
00
00
00
00
00
00
00
00
00
00
00
00
00
00
00
00
00
00
00
00
00
00
00
00
00
00
00
00
00
00
00
00
00
00
00
00
00
00
00
00
00
00
00
00
00
00
00
00
00
00
00
00
00
00
00
00
00
00
00
00
00
00
00
00
00
00
00
00
00
00
00
00
00
00
00
00
00
00
00
00
00
00
00
00
00
00
00
00
00
00
00
00
00
00
00
00
00
00
00
00
00
00
00
00
00
00
00
00
00
00
00
00
00
00
00
00
00
00
00
00
00
00
00
00
00
00
00
00
00
00
00
00
00
00
00
00
00
00
00
00
00
00
00
00
00
00
00
00
00
00
00
00
00
00
00
00
00
00
00
00
00
00
00
00
00
00
00
00
00
00
00
00
00
00
00
00
00
00
00
00
00
00
00
00
00
00
00
00
00
00
00
00
00
00
00
00
00
00
00
00
00
00
00
00
00
00
00
00
00
00
00
00
00
00
00
00
00
00
00
00
00
00
00
00
00
00
00
00
00
00
00
00
00
00
00
00
00
00
00
00
00
00
00
00
00
00
00
00
00
00
00
00
00
00
00
00
00
00
00
00
00
00
00
00
00
00
00
00
00
00
00
00
00
00
00
00
00
00
00
00
00
00
00
00
00
00
00
00
00
00
00
00
00
00
00
00
00
00
00
00
00
00
00
00
00
00
00
00
00
00
00
00
00
00
00
00
00
00
00
00
00
00
00
00
00
00
00
00
00
00
00
00
00
00
00
00
00
00
00
00
00
00
00
00
00
00
00
00
00
00
00
00
00
00
00
00
00
00
00
00
00
00
00
00
00
00
00
00
00
00
00
00
00
00
00
00
00
00
00
00
00
00
00
00
00
00
00
00
00
00
00
00
00
00
00
00
00
00
00
00
00
00
00
00
00
00
00
00
00
00
00
00
00
00
00
00
00
00
00
00
00
00
00
00
00
00
00
00
00
00
00
00
00
00
00
00
00
00
00
00
00
00
00
00
00
00
00
00
00
00
00
00
00
00
00
00
00
00
00
00
00
00
00
00
00
00
00
00
00
00
00
00
00
00
00
00
00
00
00
00
00
00
00
00
00
00
00
00
00
00
00
00
00
00
00
00
00
00
00
00
00
00
00
00
00
00
00
00
00
00
00
00
00
00
00
00
00
00
00
00
00
00
00
00
00
00
00
00
00
00
00
00
00
00
00
00
00
00
00
00
00
00
00
00
00
00
00
00
00
00
00
00
00
00
00
00
00
00
00
00
00
00
00
00
00
00
00
00
00
00
00
00
00
00
00
00
00
00
00
00
00
00
00
00
00
00
00
00
00
00
00
00
00
00
00
00
00
00
00
00
00
00
00
00
00
00
00
00
00
00
00
00
00
00
00
00
00
00
00
00
00
00
00
00
00
00
00
00
00
00
00
00
00
00
00
00
00
00
00
00
00
00
00
00
00
00
00
00
00
00
00
00
00
00
00
00
00
00
00
00
00
00
00
00
00
00
00
00
00
00
00
00
00
00
00
00
00
00
00
00
00
00
00
00
00
00
00
00
00
00
00
00
00
00
00
00
00
00
00
00
00
00
00
00
00
00
00
00
00
00
00
00
00
00
00
00
00
00
00
00
00
00
00
00
00
00
00
00
00
00
00
00
00
00
00
00
00
00
00
00
00
00
00
00
00
00
00
00
00
00
00
00
00
00
00
00
00
00
00
00
00
00
00
00
00
00
00
00
00
00
00
00
00
00
00
00
00
00
00
00
00
00
00
00
00
00
00
00
00
00
00
00
00
00
00
00
00
00
00
00
00
00
00
00
00
00
00
00
00
00
00
00
00
00
00
00
00
00
00
00
00
00
00
00
00
00
00
00
00
00
00
00
00
00
00
00
00
00
00
00
00
00
00
00
00
00
00
00
00
00
00
00
00
00
00
00
00
00
00
00
00
00
00
00
00
00
00
00
00
00
00
00
00
00
00
00
00
00
00
00
00
00
00
00
00
00
00
00
00
00
00
00
00
00
00
00
00
00
00
00
00
00
00
00
00
00
00
00
00
00
00
00
00
00
00
00
00
00
00
00
00
00
00
00
00
00
00
00
00
00
00
00
00
00
00
00
00
00
00
00
00
00
00
00
00
00
00
00
00
00
00
00
00
00
00
00
00
00
00
00
00
00
00
00
00
00
00
00
00
00
00
00
00
00
00
00
00
00
00
00
00
00
00
00
00
00
00
00
00
00
00
00
00
00
00
00
00
00
00
00
00
00
00
00
00
00
00
00
00
00
00
00
00
00
00
00
00
00
00
00
00
00
00
00
00
00
00
00
00
00
00
00
00
00
00
00
00
00
00
00
00
00
00
00
00
00
00
00
00
00
00
00
00
00
00
00
00
00
00
00
00
00
00
00
00
00
00
00
00
00
00
00
00
00
00
00
00
00
00
00
00
00
00
00
00
00
00
00
00
00
00
00
00
00
00
00
00
00
00
00
00
00
00
00
00
00
00
00
00
00
00
00
00
00
00
00
00
00
00
00
00
00
00
00
00
00
00
00
00
00
00
00
00
00
00
00
00
00
00
00
00
00
00
00
00
00
00
00
00
00
00
00
00
00
00
00
00
00
00
00
00
00
00
00
00
00
00
00
00
00
00
00
00
00
00
00
00
00
00
