00
00
00
00
00
00
00
00
00
00
00
00
00
00
00
00
00
00
00
00
00
00
00
00
00
00
00
00
00
00
00
00
00
00
00
00
00
00
00
00
00
00
00
00
00
00
00
00
00
00
00
00
00
00
00
00
00
00
00
00
00
00
00
00
00
00
00
01
01
00
00
01
02
00
00
01
03
00
00
01
04
00
00
01
05
00
00
01
06
00
00
01
07
00
00
01
08
00
00
01
09
00
00
01
0a
00
00
01
0b
00
00
01
0c
00
00
01
0d
00
00
01
0e
00
00
01
0f
00
00
01
10
00
00
01
11
00
00
01
12
00
00
01
13
00
00
01
14
00
00
01
15
00
00
01
16
00
00
01
17
00
00
01
18
00
00
01
19
00
00
01
1a
00
00
01
1b
00
00
01
1c
00
00
01
1d
00
00
01
1e
00
00
01
1f
00
00
01
20
00
00
01
21
00
00
01
22
00
00
01
23
00
00
01
24
00
00
01
25
00
00
01
26
00
00
01
27
00
00
01
28
00
00
01
29
00
00
01
2a
00
00
01
2b
00
00
01
2c
00
00
01
2d
00
00
01
2e
00
00
01
2f
00
00
01
30
00
00
01
31
00
00
01
00
00
00
00
00
00
00
00
00
00
00
00
00
00
00
00
00
00
00
00
00
00
00
00
00
00
00
00
00
00
00
00
00
00
00
00
00
00
00
00
00
00
00
00
00
00
00
00
00
00
00
00
00
00
00
00
00
00
00
00
00
00
00
00
00
00
00
00
00
00
00
00
00
00
00
00
00
00
00
00
00
00
00
00
00
00
00
00
00
00
00
00
00
00
00
00
00
00
00
00
00
00
00
00
00
00
00
00
00
00
00
00
00
00
00
00
00
00
00
00
00
00
00
02
01
00
00
02
02
00
00
02
03
00
00
02
04
00
00
02
05
00
00
02
06
00
00
02
07
00
00
02
08
00
00
02
09
00
00
02
0a
00
00
02
0b
00
00
02
0c
00
00
02
0d
00
00
02
0e
00
00
02
0f
00
00
02
10
00
00
02
11
00
00
02
12
00
00
02
13
00
00
02
14
00
00
02
15
00
00
02
16
00
00
02
17
00
00
02
18
00
00
02
19
00
00
02
1a
00
00
02
1b
00
00
02
1c
00
00
02
1d
00
00
02
1e
00
00
02
1f
00
00
02
20
00
00
02
21
00
00
02
22
00
00
02
23
00
00
02
24
00
00
02
25
00
00
02
26
00
00
02
27
00
00
02
28
00
00
02
29
00
00
02
2a
00
00
02
2b
00
00
02
2c
00
00
02
2d
00
00
02
2e
00
00
02
2f
00
00
02
30
00
00
02
31
00
00
02
32
00
00
02
33
00
00
02
34
00
00
02
00
00
00
00
00
00
00
00
00
00
00
00
00
00
00
00
00
00
00
00
00
00
00
00
00
00
00
00
00
00
00
00
00
00
00
00
00
00
00
00
00
00
00
00
00
00
00
00
00
00
00
00
00
00
00
00
00
00
00
00
00
00
00
00
00
00
00
00
00
00
00
00
00
00
00
00
00
00
00
00
00
00
00
00
00
00
00
00
00
00
00
00
00
00
00
00
00
00
00
00
00
00
00
00
00
00
00
00
00
00
00
03
01
00
00
03
02
00
00
03
03
00
00
03
04
00
00
03
05
00
00
03
06
00
00
03
07
00
00
03
08
00
00
03
09
00
00
03
0a
00
00
03
0b
00
00
03
0c
00
00
03
0d
00
00
03
0e
00
00
03
0f
00
00
03
10
00
00
03
11
00
00
03
12
00
00
03
13
00
00
03
14
00
00
03
15
00
00
03
16
00
00
03
17
00
00
03
18
00
00
03
19
00
00
03
1a
00
00
03
1b
00
00
03
1c
00
00
03
1d
00
00
03
1e
00
00
03
1f
00
00
03
20
00
00
03
21
00
00
03
22
00
00
03
23
00
00
03
24
00
00
03
25
00
00
03
26
00
00
03
27
00
00
03
28
00
00
03
29
00
00
03
2a
00
00
03
2b
00
00
03
2c
00
00
03
2d
00
00
03
2e
00
00
03
2f
00
00
03
30
00
00
03
31
00
00
03
32
00
00
03
33
00
00
03
34
00
00
03
35
00
00
03
36
00
00
03
37
00
00
03
38
00
00
03
39
00
00
03
3a
00
00
03
3b
00
00
03
3c
00
00
03
3d
00
00
03
3e
00
00
03
3f
00
00
03
40
00
00
03
41
00
00
03
42
00
00
03
43
00
00
03
44
00
00
03
45
00
00
03
46
00
00
03
47
00
00
03
48
00
00
03
49
00
00
03
4a
00
00
03
4b
00
00
03
4c
00
00
03
4d
00
00
03
4e
00
00
03
4f
00
00
03
50
00
00
03
51
00
00
03
52
00
00
03
53
00
00
03
54
00
00
03
55
00
00
03
56
00
00
03
57
00
00
03
58
00
00
03
59
00
00
03
5a
00
00
03
5b
00
00
03
5c
00
00
03
5d
00
00
03
5e
00
00
03
5f
00
00
03
60
00
00
03
61
00
00
03
62
00
00
03
63
00
00
03
64
00
00
03
65
00
00
03
66
00
00
03
67
00
00
03
68
00
00
03
69
00
00
03
6a
00
00
03
6b
00
00
03
6c
00
00
03
6d
00
00
03
6e
00
00
03
6f
00
00
03
70
00
00
03
71
00
00
03
72
00
00
03
73
00
00
03
74
00
00
03
75
00
00
03
76
00
00
03
77
00
00
03
78
00
00
03
79
00
00
03
7a
00
00
03
7b
00
00
03
7c
00
00
03
7d
00
00
03
7e
00
00
03
7f
00
00
03
80
00
00
03
81
00
00
03
82
00
00
03
83
00
00
03
84
00
00
03
85
00
00
03
86
00
00
03
87
00
00
03
88
00
00
03
89
00
00
03
8a
00
00
03
8b
00
00
03
8c
00
00
03
8d
00
00
03
8e
00
00
03
8f
00
00
03
90
00
00
03
91
00
00
03
92
00
00
03
93
00
00
03
94
00
00
03
95
00
00
03
96
00
00
03
97
00
00
03
98
00
00
03
99
00
00
03
9a
00
00
03
9b
00
00
03
9c
00
00
03
9d
00
00
03
9e
00
00
03
9f
00
00
03
a0
00
00
03
a1
00
00
03
a2
00
00
03
a3
00
00
03
a4
00
00
03
a5
00
00
03
a6
00
00
03
a7
00
00
03
a8
00
00
03
a9
00
00
03
aa
00
00
03
ab
00
00
03
ac
00
00
03
ad
00
00
03
ae
00
00
03
af
00
00
03
b0
00
00
03
b1
00
00
03
b2
00
00
03
b3
00
00
03
b4
00
00
03
b5
00
00
03
b6
00
00
03
b7
00
00
03
b8
00
00
03
b9
00
00
03
ba
00
00
03
bb
00
00
03
bc
00
00
03
bd
00
00
03
be
00
00
03
bf
00
00
03
c0
00
00
03
c1
00
00
03
c2
00
00
03
c3
00
00
03
c4
00
00
03
c5
00
00
03
c6
00
00
03
c7
00
00
03
c8
00
00
03
c9
00
00
03
ca
00
00
03
cb
00
00
03
cc
00
00
03
cd
00
00
03
ce
00
00
03
cf
00
00
03
d0
00
00
03
d1
00
00
03
d2
00
00
03
d3
00
00
03
d4
00
00
03
d5
00
00
03
d6
00
00
03
d7
00
00
03
d8
00
00
03
d9
00
00
03
da
00
00
03
db
00
00
03
dc
00
00
03
dd
00
00
03
de
00
00
03
df
00
00
03
e0
00
00
03
e1
00
00
03
e2
00
00
03
e3
00
00
03
e4
00
00
03
e5
00
00
03
e6
00
00
03
e7
00
00
03
e8
00
00
03
e9
00
00
03
ea
00
00
03
eb
00
00
03
ec
00
00
03
ed
00
00
03
ee
00
00
03
ef
00
00
03
f0
00
00
03
f1
00
00
03
f2
00
00
03
f3
00
00
03
f4
00
00
03
f5
00
00
03
f6
00
00
03
f7
00
00
03
f8
00
00
03
f9
00
00
03
fa
00
00
03
fb
00
00
03
fc
00
00
03
fd
00
00
03
fe
00
00
03
ff
00
00
03
00
01
00
03
01
01
00
03
02
01
00
03
03
01
00
03
04
01
00
03
05
01
00
03
06
01
00
03
07
01
00
03
08
01
00
03
09
01
00
03
0a
01
00
03
0b
01
00
03
0c
01
00
03
0d
01
00
03
0e
01
00
03
0f
01
00
03
10
01
00
03
11
01
00
03
12
01
00
03
00
00
00
00
00
00
00
00
00
00
00
00
00
00
00
00
00
00
00
00
00
00
00
00
00
00
00
00
00
00
00
00
00
00
00
00
00
00
00
00
00
00
00
00
00
00
00
00
00
00
00
00
00
00
00
00
00
00
00
00
00
00
00
00
00
00
00
00
00
00
00
00
00
00
00
00
00
00
00
00
00
00
00
00
00
00
00
00
00
00
00
00
00
00
00
00
00
00
00
00
00
00
00
00
00
00
00
00
00
00
00
00
00
00
00
00
00
00
00
04
01
00
00
04
02
00
00
04
03
00
00
04
04
00
00
04
05
00
00
04
06
00
00
04
07
00
00
04
08
00
00
04
09
00
00
04
0a
00
00
04
0b
00
00
04
0c
00
00
04
0d
00
00
04
0e
00
00
04
0f
00
00
04
10
00
00
04
11
00
00
04
12
00
00
04
13
00
00
04
14
00
00
04
15
00
00
04
16
00
00
04
17
00
00
04
18
00
00
04
19
00
00
04
1a
00
00
04
1b
00
00
04
1c
00
00
04
1d
00
00
04
1e
00
00
04
1f
00
00
04
20
00
00
04
21
00
00
04
22
00
00
04
23
00
00
04
24
00
00
04
25
00
00
04
26
00
00
04
27
00
00
04
28
00
00
04
29
00
00
04
2a
00
00
04
2b
00
00
04
2c
00
00
04
2d
00
00
04
2e
00
00
04
2f
00
00
04
30
00
00
04
31
00
00
04
32
00
00
04
33
00
00
04
34
00
00
04
35
00
00
04
36
00
00
04
37
00
00
04
38
00
00
04
39
00
00
04
3a
00
00
04
3b
00
00
04
3c
00
00
04
3d
00
00
04
3e
00
00
04
3f
00
00
04
40
00
00
04
41
00
00
04
42
00
00
04
43
00
00
04
44
00
00
04
45
00
00
04
46
00
00
04
47
00
00
04
48
00
00
04
49
00
00
04
4a
00
00
04
4b
00
00
04
4c
00
00
04
4d
00
00
04
4e
00
00
04
4f
00
00
04
50
00
00
04
51
00
00
04
52
00
00
04
53
00
00
04
54
00
00
04
55
00
00
04
56
00
00
04
57
00
00
04
58
00
00
04
59
00
00
04
5a
00
00
04
5b
00
00
04
5c
00
00
04
5d
00
00
04
5e
00
00
04
5f
00
00
04
60
00
00
04
61
00
00
04
62
00
00
04
63
00
00
04
64
00
00
04
65
00
00
04
66
00
00
04
67
00
00
04
68
00
00
04
69
00
00
04
6a
00
00
04
6b
00
00
04
6c
00
00
04
6d
00
00
04
6e
00
00
04
6f
00
00
04
70
00
00
04
71
00
00
04
72
00
00
04
73
00
00
04
74
00
00
04
75
00
00
04
76
00
00
04
77
00
00
04
78
00
00
04
79
00
00
04
7a
00
00
04
7b
00
00
04
7c
00
00
04
7d
00
00
04
7e
00
00
04
7f
00
00
04
80
00
00
04
81
00
00
04
82
00
00
04
83
00
00
04
84
00
00
04
85
00
00
04
86
00
00
04
87
00
00
04
88
00
00
04
89
00
00
04
8a
00
00
04
8b
00
00
04
8c
00
00
04
8d
00
00
04
8e
00
00
04
8f
00
00
04
90
00
00
04
91
00
00
04
92
00
00
04
93
00
00
04
94
00
00
04
95
00
00
04
96
00
00
04
97
00
00
04
98
00
00
04
99
00
00
04
9a
00
00
04
9b
00
00
04
9c
00
00
04
9d
00
00
04
9e
00
00
04
9f
00
00
04
a0
00
00
04
a1
00
00
04
a2
00
00
04
a3
00
00
04
a4
00
00
04
a5
00
00
04
a6
00
00
04
a7
00
00
04
a8
00
00
04
a9
00
00
04
aa
00
00
04
ab
00
00
04
ac
00
00
04
ad
00
00
04
ae
00
00
04
af
00
00
04
b0
00
00
04
b1
00
00
04
b2
00
00
04
b3
00
00
04
b4
00
00
04
b5
00
00
04
b6
00
00
04
b7
00
00
04
b8
00
00
04
b9
00
00
04
ba
00
00
04
bb
00
00
04
bc
00
00
04
bd
00
00
04
be
00
00
04
bf
00
00
04
c0
00
00
04
c1
00
00
04
c2
00
00
04
c3
00
00
04
c4
00
00
04
c5
00
00
04
c6
00
00
04
c7
00
00
04
c8
00
00
04
c9
00
00
04
ca
00
00
04
cb
00
00
04
cc
00
00
04
cd
00
00
04
ce
00
00
04
cf
00
00
04
d0
00
00
04
d1
00
00
04
d2
00
00
04
d3
00
00
04
d4
00
00
04
d5
00
00
04
d6
00
00
04
d7
00
00
04
d8
00
00
04
d9
00
00
04
da
00
00
04
db
00
00
04
dc
00
00
04
dd
00
00
04
de
00
00
04
df
00
00
04
e0
00
00
04
e1
00
00
04
e2
00
00
04
e3
00
00
04
e4
00
00
04
e5
00
00
04
e6
00
00
04
e7
00
00
04
e8
00
00
04
e9
00
00
04
ea
00
00
04
eb
00
00
04
ec
00
00
04
ed
00
00
04
ee
00
00
04
ef
00
00
04
f0
00
00
04
f1
00
00
04
f2
00
00
04
f3
00
00
04
f4
00
00
04
f5
00
00
04
f6
00
00
04
f7
00
00
04
f8
00
00
04
f9
00
00
04
fa
00
00
04
fb
00
00
04
fc
00
00
04
fd
00
00
04
fe
00
00
04
ff
00
00
04
00
01
00
04
01
01
00
04
02
01
00
04
03
01
00
04
04
01
00
04
05
01
00
04
06
01
00
04
07
01
00
04
08
01
00
04
09
01
00
04
0a
01
00
04
0b
01
00
04
0c
01
00
04
0d
01
00
04
0e
01
00
04
0f
01
00
04
10
01
00
04
11
01
00
04
12
01
00
04
40
00
00
00
ff
07
00
00
c8
00
00
00
00
00
00
00
80
01
00
00
ff
07
00
00
d4
00
00
00
00
00
00
00
c0
02
00
00
ff
07
00
00
4c
04
00
00
00
00
00
00
80
07
00
00
ff
07
00
00
4c
04
00
00
00
00
00
00
00
00
00
00
00
00
00
00
00
00
00
00
00
00
00
00
00
00
00
00
00
00
00
00
00
00
00
00
00
00
00
00
00
00
00
00
00
00
00
00
00
00
00
00
00
00
00
00
00
00
00
00
00
00
00
00
00
00
00
00
00
00
00
00
