7f
45
4c
46
02
01
01
00
00
00
00
00
00
00
00
00
03
00
3e
00
01
00
00
00
00
00
00
00
00
00
00
00
40
00
00
00
00
00
00
00
50
d1
0c
00
00
00
00
00
00
00
00
00
40
00
38
00
0b
00
40
00
1c
00
1b
00
01
00
00
00
04
00
00
00
00
00
00
00
00
00
00
00
00
00
00
00
00
00
00
00
00
00
00
00
00
00
00
00
58
90
00
00
00
00
00
00
58
90
00
00
00
00
00
00
00
10
00
00
00
00
00
00
01
00
00
00
05
00
00
00
00
a0
00
00
00
00
00
00
00
a0
00
00
00
00
00
00
00
a0
00
00
00
00
00
00
11
1f
0b
00
00
00
00
00
11
1f
0b
00
00
00
00
00
00
10
00
00
00
00
00
00
01
00
00
00
04
00
00
00
00
c0
0b
00
00
00
00
00
00
c0
0b
00
00
00
00
00
00
c0
0b
00
00
00
00
00
f8
07
01
00
00
00
00
00
f8
07
01
00
00
00
00
00
00
10
00
00
00
00
00
00
01
00
00
00
06
00
00
00
70
cb
0c
00
00
00
00
00
70
db
0c
00
00
00
00
00
70
db
0c
00
00
00
00
00
a0
04
00
00
00
00
00
00
c8
04
00
00
00
00
00
00
00
10
00
00
00
00
00
00
02
00
00
00
06
00
00
00
58
cd
0c
00
00
00
00
00
58
dd
0c
00
00
00
00
00
58
dd
0c
00
00
00
00
00
f0
01
00
00
00
00
00
00
f0
01
00
00
00
00
00
00
08
00
00
00
00
00
00
00
04
00
00
00
04
00
00
00
a8
02
00
00
00
00
00
00
a8
02
00
00
00
00
00
00
a8
02
00
00
00
00
00
00
20
00
00
00
00
00
00
00
20
00
00
00
00
00
00
00
08
00
00
00
00
00
00
00
04
00
00
00
04
00
00
00
c8
02
00
00
00
00
00
00
c8
02
00
00
00
00
00
00
c8
02
00
00
00
00
00
00
24
00
00
00
00
00
00
00
24
00
00
00
00
00
00
00
04
00
00
00
00
00
00
00
53
e5
74
64
04
00
00
00
a8
02
00
00
00
00
00
00
a8
02
00
00
00
00
00
00
a8
02
00
00
00
00
00
00
20
00
00
00
00
00
00
00
20
00
00
00
00
00
00
00
08
00
00
00
00
00
00
00
50
e5
74
64
04
00
00
00
48
10
0c
00
00
00
00
00
48
10
0c
00
00
00
00
00
48
10
0c
00
00
00
00
00
44
16
00
00
00
00
00
00
44
16
00
00
00
00
00
00
04
00
00
00
00
00
00
00
51
e5
74
64
06
00
00
00
00
00
00
00
00
00
00
00
00
00
00
00
00
00
00
00
00
00
00
00
00
00
00
00
00
00
00
00
00
00
00
00
00
00
00
00
00
00
00
00
10
00
00
00
00
00
00
00
52
e5
74
64
04
00
00
00
70
cb
0c
00
00
00
00
00
70
db
0c
00
00
00
00
00
70
db
0c
00
00
00
00
00
90
04
00
00
00
00
00
00
90
04
00
00
00
00
00
00
01
00
00
00
00
00
00
00
04
00
00
00
10
00
00
00
05
00
00
00
47
4e
55
00
02
00
00
c0
04
00
00
00
03
00
00
00
00
00
00
00
04
00
00
00
14
00
00
00
03
00
00
00
47
4e
55
00
5d
9d
0d
94
6a
31
54
a7
48
e8
7e
17
af
9d
14
76
45
19
23
7b
00
00
00
00
09
02
00
00
15
00
00
00
40
00
00
00
0c
00
00
00
84
31
d0
01
2c
0c
60
4d
b4
80
80
6a
42
b0
24
48
12
ac
20
c0
b6
50
4c
08
92
51
25
08
61
28
58
2a
fc
e5
05
88
c1
45
74
40
a1
00
01
09
80
35
01
14
23
00
00
91
14
b5
00
34
b0
10
10
00
81
01
56
08
00
88
c0
60
00
10
38
24
52
01
02
54
44
23
b1
00
13
88
00
24
c4
11
21
8a
10
10
20
59
18
44
04
01
10
86
68
50
20
28
04
80
c0
40
10
8c
d2
d9
28
88
01
02
81
3c
38
00
0d
a6
86
3d
37
86
06
50
30
80
c8
a0
1b
14
8d
00
00
20
04
01
4c
40
20
40
24
d0
a0
60
29
30
2d
10
c9
68
00
0c
a1
29
04
04
90
34
84
28
02
03
8f
04
00
00
8b
c3
28
01
84
85
1d
06
84
04
43
01
28
10
1c
42
04
f0
21
02
82
81
28
02
54
c0
00
41
13
95
80
20
02
a2
87
20
00
19
a6
c2
00
b3
66
04
20
aa
32
3c
50
01
20
41
23
00
81
00
00
40
10
04
28
04
44
08
16
21
42
00
03
e0
aa
00
23
84
80
10
00
84
81
01
00
91
50
02
24
00
14
01
00
49
01
00
00
30
a4
90
00
00
40
0c
92
a0
00
00
10
c8
04
5c
0c
02
20
20
31
24
08
02
43
1a
88
04
48
2a
00
34
b0
34
88
2a
08
21
40
03
55
40
00
52
80
18
00
00
14
44
40
00
90
00
40
10
48
91
00
80
08
80
00
61
74
01
1a
43
0c
10
15
30
93
00
91
c1
d4
20
02
17
15
a0
07
01
64
23
36
e1
00
89
62
a2
88
80
0a
50
7f
1c
03
00
11
11
80
44
50
10
91
00
58
00
40
2b
a0
29
41
10
54
90
29
2f
30
10
10
1c
a0
21
40
24
06
15
80
10
50
81
09
10
05
c1
81
01
49
83
01
20
00
00
8c
60
00
01
50
20
00
00
08
84
1d
01
85
c1
48
26
25
40
00
8a
0c
00
81
00
01
15
80
98
10
43
08
32
09
04
5e
40
00
12
80
44
90
c2
04
19
43
80
02
61
11
9c
00
20
00
00
21
26
01
90
00
02
02
00
40
04
36
83
22
20
00
00
08
0c
00
24
80
80
c4
36
08
ac
0c
80
00
e4
42
10
00
00
40
00
0b
00
0c
02
2a
08
2a
00
4a
82
24
c1
b0
20
e0
8c
00
00
00
00
15
00
00
00
18
00
00
00
1b
00
00
00
00
00
00
00
1c
00
00
00
20
00
00
00
21
00
00
00
23
00
00
00
25
00
00
00
00
00
00
00
00
00
00
00
26
00
00
00
27
00
00
00
28
00
00
00
29
00
00
00
2c
00
00
00
00
00
00
00
2f
00
00
00
30
00
00
00
32
00
00
00
00
00
00
00
33
00
00
00
35
00
00
00
36
00
00
00
38
00
00
00
3a
00
00
00
00
00
00
00
3b
00
00
00
00
00
00
00
3d
00
00
00
3f
00
00
00
43
00
00
00
45
00
00
00
47
00
00
00
00
00
00
00
00
00
00
00
00
00
00
00
48
00
00
00
00
00
00
00
49
00
00
00
4a
00
00
00
4b
00
00
00
4d
00
00
00
4e
00
00
00
52
00
00
00
53
00
00
00
54
00
00
00
00
00
00
00
00
00
00
00
57
00
00
00
5a
00
00
00
5b
00
00
00
5c
00
00
00
5e
00
00
00
00
00
00
00
5f
00
00
00
00
00
00
00
60
00
00
00
00
00
00
00
63
00
00
00
64
00
00
00
65
00
00
00
00
00
00
00
00
00
00
00
00
00
00
00
69
00
00
00
6b
00
00
00
00
00
00
00
6c
00
00
00
6e
00
00
00
00
00
00
00
71
00
00
00
72
00
00
00
00
00
00
00
73
00
00
00
00
00
00
00
74
00
00
00
76
00
00
00
7b
00
00
00
7c
00
00
00
7f
00
00
00
81
00
00
00
82
00
00
00
87
00
00
00
00
00
00
00
88
00
00
00
89
00
00
00
8b
00
00
00
8e
00
00
00
8f
00
00
00
90
00
00
00
00
00
00
00
92
00
00
00
00
00
00
00
93
00
00
00
94
00
00
00
00
00
00
00
00
00
00
00
95
00
00
00
97
00
00
00
9b
00
00
00
00
00
00
00
9c
00
00
00
9e
00
00
00
00
00
00
00
a1
00
00
00
00
00
00
00
a2
00
00
00
00
00
00
00
00
00
00
00
00
00
00
00
00
00
00
00
a5
00
00
00
a7
00
00
00
aa
00
00
00
00
00
00
00
00
00
00
00
ad
00
00
00
ae
00
00
00
b0
00
00
00
00
00
00
00
00
00
00
00
b3
00
00
00
00
00
00
00
b4
00
00
00
b5
00
00
00
b7
00
00
00
00
00
00
00
00
00
00
00
ba
00
00
00
bc
00
00
00
be
00
00
00
00
00
00
00
00
00
00
00
00
00
00
00
bf
00
00
00
c0
00
00
00
00
00
00
00
c1
00
00
00
c4
00
00
00
c6
00
00
00
c7
00
00
00
00
00
00
00
00
00
00
00
c8
00
00
00
c9
00
00
00
00
00
00
00
cc
00
00
00
cd
00
00
00
00
00
00
00
d2
00
00
00
00
00
00
00
d3
00
00
00
d4
00
00
00
d5
00
00
00
d6
00
00
00
d7
00
00
00
00
00
00
00
00
00
00
00
00
00
00
00
00
00
00
00
00
00
00
00
d8
00
00
00
00
00
00
00
db
00
00
00
00
00
00
00
dd
00
00
00
de
00
00
00
00
00
00
00
00
00
00
00
00
00
00
00
df
00
00
00
e0
00
00
00
e4
00
00
00
e6
00
00
00
00
00
00
00
e7
00
00
00
00
00
00
00
e9
00
00
00
ea
00
00
00
eb
00
00
00
ec
00
00
00
ed
00
00
00
ee
00
00
00
00
00
00
00
f0
00
00
00
f4
00
00
00
00
00
00
00
f6
00
00
00
f7
00
00
00
00
00
00
00
f8
00
00
00
00
00
00
00
fa
00
00
00
ff
00
00
00
01
01
00
00
02
01
00
00
04
01
00
00
05
01
00
00
00
00
00
00
07
01
00
00
08
01
00
00
0b
01
00
00
0c
01
00
00
0d
01
00
00
0e
01
00
00
0f
01
00
00
11
01
00
00
12
01
00
00
00
00
00
00
14
01
00
00
15
01
00
00
16
01
00
00
17
01
00
00
18
01
00
00
19
01
00
00
00
00
00
00
1c
01
00
00
1e
01
00
00
21
01
00
00
23
01
00
00
24
01
00
00
25
01
00
00
00
00
00
00
28
01
00
00
29
01
00
00
00
00
00
00
00
00
00
00
2b
01
00
00
00
00
00
00
2c
01
00
00
00
00
00
00
2d
01
00
00
2f
01
00
00
30
01
00
00
32
01
00
00
00
00
00
00
33
01
00
00
35
01
00
00
36
01
00
00
3b
01
00
00
3e
01
00
00
00
00
00
00
3f
01
00
00
00
00
00
00
00
00
00
00
41
01
00
00
43
01
00
00
00
00
00
00
44
01
00
00
45
01
00
00
47
01
00
00
00
00
00
00
49
01
00
00
4b
01
00
00
4c
01
00
00
4d
01
00
00
4e
01
00
00
4f
01
00
00
00
00
00
00
50
01
00
00
00
00
00
00
00
00
00
00
52
01
00
00
00
00
00
00
54
01
00
00
55
01
00
00
00
00
00
00
00
00
00
00
57
01
00
00
58
01
00
00
5a
01
00
00
5b
01
00
00
00
00
00
00
00
00
00
00
5c
01
00
00
5d
01
00
00
00
00
00
00
00
00
00
00
5e
01
00
00
60
01
00
00
63
01
00
00
64
01
00
00
00
00
00
00
67
01
00
00
00
00
00
00
00
00
00
00
68
01
00
00
69
01
00
00
00
00
00
00
00
00
00
00
6a
01
00
00
6b
01
00
00
6d
01
00
00
6e
01
00
00
6f
01
00
00
70
01
00
00
00
00
00
00
00
00
00
00
71
01
00
00
74
01
00
00
76
01
00
00
77
01
00
00
79
01
00
00
00
00
00
00
7b
01
00
00
7c
01
00
00
00
00
00
00
7e
01
00
00
00
00
00
00
7f
01
00
00
00
00
00
00
80
01
00
00
82
01
00
00
84
01
00
00
00
00
00
00
00
00
00
00
85
01
00
00
86
01
00
00
00
00
00
00
87
01
00
00
00
00
00
00
89
01
00
00
8a
01
00
00
8c
01
00
00
00
00
00
00
8d
01
00
00
8f
01
00
00
00
00
00
00
92
01
00
00
00
00
00
00
96
01
00
00
00
00
00
00
99
01
00
00
9b
01
00
00
9c
01
00
00
9d
01
00
00
00
00
00
00
9e
01
00
00
00
00
00
00
00
00
00
00
00
00
00
00
00
00
00
00
a1
01
00
00
a3
01
00
00
a4
01
00
00
00
00
00
00
a6
01
00
00
00
00
00
00
00
00
00
00
a8
01
00
00
a9
01
00
00
00
00
00
00
aa
01
00
00
00
00
00
00
ab
01
00
00
00
00
00
00
ac
01
00
00
ad
01
00
00
00
00
00
00
ae
01
00
00
b3
01
00
00
00
00
00
00
b5
01
00
00
b6
01
00
00
b7
01
00
00
00
00
00
00
00
00
00
00
b9
01
00
00
00
00
00
00
00
00
00
00
bb
01
00
00
bc
01
00
00
be
01
00
00
bf
01
00
00
c0
01
00
00
00
00
00
00
c2
01
00
00
c4
01
00
00
c6
01
00
00
00
00
00
00
c8
01
00
00
00
00
00
00
00
00
00
00
c9
01
00
00
cb
01
00
00
00
00
00
00
00
00
00
00
cc
01
00
00
cf
01
00
00
d0
01
00
00
00
00
00
00
00
00
00
00
00
00
00
00
d1
01
00
00
d2
01
00
00
d3
01
00
00
00
00
00
00
d4
01
00
00
d5
01
00
00
d6
01
00
00
00
00
00
00
00
00
00
00
d7
01
00
00
d8
01
00
00
00
00
00
00
00
00
00
00
d9
01
00
00
00
00
00
00
db
01
00
00
00
00
00
00
dd
01
00
00
e0
01
00
00
e1
01
00
00
e2
01
00
00
e5
01
00
00
00
00
00
00
e6
01
00
00
e7
01
00
00
ec
01
00
00
ed
01
00
00
00
00
00
00
00
00
00
00
00
00
00
00
00
00
00
00
ee
01
00
00
ef
01
00
00
f2
01
00
00
f3
01
00
00
00
00
00
00
f4
01
00
00
00
00
00
00
f6
01
00
00
00
00
00
00
f7
01
00
00
f9
01
00
00
00
00
00
00
fa
01
00
00
fb
01
00
00
fc
01
00
00
ff
01
00
00
01
02
00
00
03
02
00
00
04
02
00
00
06
02
00
00
07
02
00
00
00
00
00
00
0b
02
00
00
0d
02
00
00
0e
02
00
00
0f
02
00
00
00
00
00
00
13
02
00
00
16
02
00
00
18
02
00
00
00
00
00
00
1c
02
00
00
1d
02
00
00
1e
02
00
00
00
00
00
00
00
00
00
00
21
02
00
00
00
00
00
00
22
02
00
00
23
02
00
00
00
00
00
00
26
02
00
00
27
02
00
00
28
02
00
00
00
00
00
00
29
02
00
00
2a
02
00
00
00
00
00
00
00
00
00
00
00
00
00
00
00
00
00
00
2c
02
00
00
00
00
00
00
2d
02
00
00
00
00
00
00
2f
02
00
00
30
02
00
00
00
00
00
00
00
00
00
00
00
00
00
00
31
02
00
00
00
00
00
00
32
02
00
00
00
00
00
00
33
02
00
00
35
02
00
00
37
02
00
00
38
02
00
00
3a
02
00
00
3c
02
00
00
00
00
00
00
00
00
00
00
3d
02
00
00
3f
02
00
00
40
02
00
00
00
00
00
00
41
02
00
00
44
02
00
00
00
00
00
00
45
02
00
00
46
02
00
00
49
02
00
00
4b
02
00
00
4e
02
00
00
00
00
00
00
00
00
00
00
00
00
00
00
00
00
00
00
51
02
00
00
52
02
00
00
53
02
00
00
56
02
00
00
57
02
00
00
58
02
00
00
5b
02
00
00
42
29
aa
d0
6c
96
57
5b
27
2d
9c
2d
c0
ae
de
50
3c
a9
b1
b0
25
4a
6f
50
bd
23
07
f2
84
f7
18
33
bc
56
b1
69
b2
05
2d
7e
0b
1e
de
c6
db
e0
54
73
6e
18
7a
a5
b5
05
2d
7e
c4
6d
c0
bc
35
b2
90
2b
0f
04
e9
b0
57
c9
e7
a3
c7
f9
56
0b
75
7b
67
8a
6c
eb
21
c2
e0
e6
61
9f
91
43
4a
33
a6
22
16
07
36
2c
ca
29
c7
b3
20
0b
53
4a
87
c8
2c
1c
e6
2d
e7
ed
de
78
8d
0a
5e
06
86
29
76
09
ad
20
b2
d1
bf
35
72
42
f0
81
0e
25
43
1a
c2
26
1c
43
c0
6c
77
1f
f5
ae
9d
e4
98
68
42
47
d0
3d
c7
21
5b
cf
b4
ae
5a
9c
eb
7d
46
b5
d0
95
01
57
20
21
b1
25
2e
0e
a7
0d
49
a5
9f
98
fc
3b
d5
59
71
3d
ed
7a
b2
1e
15
98
9b
93
eb
25
e7
c0
34
73
ef
c3
44
4d
07
df
f1
e9
45
e0
9f
1f
8c
0a
c3
b3
27
85
71
82
71
01
f5
26
a8
21
da
f9
68
12
a4
a7
0a
c9
99
1c
9b
52
f3
18
2d
3b
d4
e1
13
81
aa
6d
16
50
5b
01
26
d9
e2
3a
25
57
8a
48
60
f0
b6
5c
a6
30
03
f4
e1
56
75
62
b9
9e
cf
90
61
2d
55
05
9c
a3
8b
3b
65
fe
7f
a2
3f
53
be
9a
e9
25
54
b0
7c
81
ad
8c
aa
5b
d2
48
ab
77
29
c9
c5
be
26
0c
17
ad
82
96
d2
ff
50
5e
f8
da
00
fa
f2
90
5b
62
b1
6e
46
5a
20
cb
51
c0
a5
b0
97
74
97
3b
1c
7d
fc
bb
43
66
95
34
57
93
12
a4
09
98
4a
cf
d1
48
67
fd
2c
7a
ab
01
98
84
db
b4
00
ff
1f
fd
79
c2
c6
fd
1b
25
03
c9
26
0c
d2
78
93
b8
ba
d1
72
b1
b2
7c
8f
c7
1e
ce
98
79
cd
d8
c4
28
5d
b0
85
f9
66
0a
61
e6
86
cd
c6
c9
c3
9d
ad
75
78
f5
7c
ce
3f
71
e4
07
23
2d
f9
09
56
d7
72
d4
5a
01
84
85
3a
70
79
81
18
df
6e
7d
81
72
ba
c5
33
99
e4
f0
25
99
23
36
66
c1
ba
48
b1
56
8b
b6
1e
f2
fc
48
b2
a5
24
0d
33
61
6c
88
ef
c2
65
92
b7
f7
0e
70
34
0d
ec
82
67
b8
c1
9a
bf
2e
b3
14
17
5c
54
cf
2b
80
d3
41
9a
b3
39
f1
b1
04
65
74
6c
7b
d1
f7
9c
f1
fa
4b
02
f1
39
18
23
35
2a
01
6d
71
3a
42
84
f1
61
28
39
a0
36
f3
92
c4
51
7e
a8
6b
5f
5d
5b
43
0e
63
33
a2
13
aa
aa
1f
ea
13
5e
54
9f
ea
ad
b2
f3
ce
18
7d
bd
2f
6f
13
c6
fb
48
4b
d2
a9
b6
64
9f
0e
93
2f
1d
b5
6a
25
76
05
dc
fa
99
5f
4b
ad
03
2e
83
35
e7
42
3c
8c
3a
bd
b3
5f
5f
87
2c
3d
c0
56
b2
0c
b5
4c
d1
23
3d
6e
67
02
37
cf
1f
7b
80
cd
56
d8
9e
0e
35
d8
16
07
22
ab
e2
df
d0
9a
e0
ab
b3
da
60
27
be
dc
eb
0c
d9
78
47
67
a8
98
d6
e8
ff
df
42
ee
3f
1e
cd
f7
c1
4d
a3
d3
5b
48
aa
30
6c
26
8d
4d
f4
93
79
8a
91
8a
53
2e
f8
55
4f
2e
c7
86
f8
48
4d
ca
f1
19
b9
07
2f
20
25
4b
c2
9a
22
d0
24
6c
6e
e5
64
57
75
12
2d
7e
