7f
45
4c
46
02
01
01
00
00
00
00
00
00
00
00
00
03
00
3e
00
01
00
00
00
00
00
00
00
00
00
00
00
40
00
00
00
00
00
00
00
70
d4
05
00
00
00
00
00
00
00
00
00
40
00
38
00
0c
00
40
00
1f
00
1e
00
01
00
00
00
04
00
00
00
00
00
00
00
00
00
00
00
00
00
00
00
00
00
00
00
00
00
00
00
00
00
00
00
08
7e
00
00
00
00
00
00
08
7e
00
00
00
00
00
00
00
10
00
00
00
00
00
00
01
00
00
00
05
00
00
00
00
80
00
00
00
00
00
00
00
80
00
00
00
00
00
00
00
80
00
00
00
00
00
00
76
b4
03
00
00
00
00
00
76
b4
03
00
00
00
00
00
00
10
00
00
00
00
00
00
01
00
00
00
04
00
00
00
00
40
04
00
00
00
00
00
00
40
04
00
00
00
00
00
00
40
04
00
00
00
00
00
27
40
01
00
00
00
00
00
27
40
01
00
00
00
00
00
00
10
00
00
00
00
00
00
01
00
00
00
06
00
00
00
00
90
05
00
00
00
00
00
00
90
05
00
00
00
00
00
00
90
05
00
00
00
00
00
18
43
00
00
00
00
00
00
70
43
00
00
00
00
00
00
00
10
00
00
00
00
00
00
02
00
00
00
06
00
00
00
38
c1
05
00
00
00
00
00
38
c1
05
00
00
00
00
00
38
c1
05
00
00
00
00
00
c0
01
00
00
00
00
00
00
c0
01
00
00
00
00
00
00
08
00
00
00
00
00
00
00
04
00
00
00
04
00
00
00
e0
02
00
00
00
00
00
00
e0
02
00
00
00
00
00
00
e0
02
00
00
00
00
00
00
20
00
00
00
00
00
00
00
20
00
00
00
00
00
00
00
08
00
00
00
00
00
00
00
04
00
00
00
04
00
00
00
00
03
00
00
00
00
00
00
00
03
00
00
00
00
00
00
00
03
00
00
00
00
00
00
24
00
00
00
00
00
00
00
24
00
00
00
00
00
00
00
04
00
00
00
00
00
00
00
07
00
00
00
04
00
00
00
00
90
05
00
00
00
00
00
00
90
05
00
00
00
00
00
00
90
05
00
00
00
00
00
00
00
00
00
00
00
00
00
08
00
00
00
00
00
00
00
08
00
00
00
00
00
00
00
53
e5
74
64
04
00
00
00
e0
02
00
00
00
00
00
00
e0
02
00
00
00
00
00
00
e0
02
00
00
00
00
00
00
20
00
00
00
00
00
00
00
20
00
00
00
00
00
00
00
08
00
00
00
00
00
00
00
50
e5
74
64
04
00
00
00
60
f4
04
00
00
00
00
00
60
f4
04
00
00
00
00
00
60
f4
04
00
00
00
00
00
8c
0e
00
00
00
00
00
00
8c
0e
00
00
00
00
00
00
04
00
00
00
00
00
00
00
51
e5
74
64
06
00
00
00
00
00
00
00
00
00
00
00
00
00
00
00
00
00
00
00
00
00
00
00
00
00
00
00
00
00
00
00
00
00
00
00
00
00
00
00
00
00
00
00
10
00
00
00
00
00
00
00
52
e5
74
64
04
00
00
00
00
90
05
00
00
00
00
00
00
90
05
00
00
00
00
00
00
90
05
00
00
00
00
00
00
40
00
00
00
00
00
00
00
40
00
00
00
00
00
00
01
00
00
00
00
00
00
00
04
00
00
00
10
00
00
00
05
00
00
00
47
4e
55
00
02
00
00
c0
04
00
00
00
03
00
00
00
00
00
00
00
04
00
00
00
14
00
00
00
03
00
00
00
47
4e
55
00
35
93
46
5c
4f
89
0b
dc
26
62
7d
f6
f2
3c
73
d1
5e
c1
3c
7c
00
00
00
00
43
00
00
00
63
00
00
00
08
00
00
00
09
00
00
00
50
84
02
09
85
b0
a9
8b
b0
30
47
03
20
80
ac
92
b8
80
3c
41
05
00
98
c4
78
8e
10
96
40
20
48
20
40
0c
04
00
50
80
58
90
02
d8
80
01
20
80
e0
e1
46
00
4c
65
05
84
39
40
28
56
c0
62
a3
6d
0c
2a
63
00
00
00
65
00
00
00
67
00
00
00
00
00
00
00
69
00
00
00
6a
00
00
00
00
00
00
00
6e
00
00
00
6f
00
00
00
70
00
00
00
72
00
00
00
73
00
00
00
75
00
00
00
00
00
00
00
76
00
00
00
77
00
00
00
7a
00
00
00
00
00
00
00
00
00
00
00
7d
00
00
00
7e
00
00
00
82
00
00
00
83
00
00
00
86
00
00
00
00
00
00
00
88
00
00
00
89
00
00
00
8a
00
00
00
8b
00
00
00
8c
00
00
00
00
00
00
00
8e
00
00
00
91
00
00
00
94
00
00
00
97
00
00
00
00
00
00
00
00
00
00
00
99
00
00
00
9b
00
00
00
00
00
00
00
00
00
00
00
00
00
00
00
00
00
00
00
9c
00
00
00
9d
00
00
00
00
00
00
00
9f
00
00
00
a0
00
00
00
a1
00
00
00
00
00
00
00
a5
00
00
00
a7
00
00
00
a9
00
00
00
ac
00
00
00
00
00
00
00
ad
00
00
00
00
00
00
00
00
00
00
00
ae
00
00
00
b0
00
00
00
b1
00
00
00
b4
00
00
00
b5
00
00
00
00
00
00
00
00
00
00
00
b7
00
00
00
b8
00
00
00
ec
13
cc
02
4f
2f
58
7d
e8
af
42
ce
d5
ec
9a
95
3e
6e
76
9a
85
3c
1e
23
fb
d5
42
f7
ee
cf
76
6e
a0
69
5d
2e
6e
a2
7a
19
75
66
e8
13
33
97
51
d4
b3
a4
ca
d1
80
e1
be
6a
19
36
2c
d2
3f
9e
1e
f9
06
95
01
2e
d7
c3
db
44
2d
5e
e3
d0
fd
4c
bc
2b
94
28
cd
c7
92
25
2b
31
79
b0
7b
c7
86
24
47
bb
46
4a
5e
b3
59
03
eb
58
df
07
01
35
9e
eb
fb
f2
04
14
ca
d1
c8
93
25
22
7f
4b
84
0f
45
22
f7
67
3e
a5
ea
5b
78
7b
ac
a7
8f
74
29
1c
26
5f
24
cb
99
7e
c2
a6
7d
ee
54
f7
e1
e7
c6
fd
b7
06
fb
bc
87
85
f5
4b
24
df
2a
f2
f9
db
b5
d7
76
5f
b0
b8
36
25
f4
77
bf
aa
dd
0a
58
1a
fc
f5
98
d5
a5
25
3f
0c
6a
fd
38
f2
16
93
10
14
ca
d1
cb
be
bd
bc
a2
40
64
03
85
2a
48
23
4a
1f
d1
c8
45
18
ca
d1
b3
c5
32
50
fd
db
5c
6b
d8
08
e3
13
4d
eb
76
00
97
0d
dc
69
57
fe
c7
ca
dc
8c
d8
61
ec
8a
cc
b8
ae
b5
36
4a
35
79
55
0e
4c
6f
19
55
53
18
ca
d1
92
e8
9a
95
cf
86
a9
32
dc
19
1d
89
ae
bb
09
a9
cb
66
38
4b
39
f6
e2
e7
21
44
96
0f
f2
57
a1
5a
73
a0
ca
d1
31
ea
1a
b2
32
58
7b
c2
c4
db
6a
28
c9
b4
17
be
cb
b3
48
ca
82
8a
1d
28
cf
57
ce
a6
75
7d
55
0e
be
df
81
8a
ee
4b
d4
19
27
0c
e4
ed
00
00
00
00
00
00
00
00
00
00
00
00
00
00
00
00
00
00
00
00
00
00
00
00
00
00
00
00
6c
00
00
00
12
00
00
00
00
00
00
00
00
00
00
00
00
00
00
00
00
00
00
00
1a
14
00
00
12
00
00
00
00
00
00
00
00
00
00
00
00
00
00
00
00
00
00
00
04
14
00
00
12
00
00
00
00
00
00
00
00
00
00
00
00
00
00
00
00
00
00
00
8f
15
00
00
12
00
00
00
00
00
00
00
00
00
00
00
00
00
00
00
00
00
00
00
7c
08
00
00
12
00
00
00
00
00
00
00
00
00
00
00
00
00
00
00
00
00
00
00
54
03
00
00
11
00
00
00
00
00
00
00
00
00
00
00
00
00
00
00
00
00
00
00
02
05
00
00
12
00
00
00
00
00
00
00
00
00
00
00
00
00
00
00
00
00
00
00
78
04
00
00
12
00
00
00
00
00
00
00
00
00
00
00
00
00
00
00
00
00
00
00
88
04
00
00
12
00
00
00
00
00
00
00
00
00
00
00
00
00
00
00
00
00
00
00
81
16
00
00
12
00
00
00
00
00
00
00
00
00
00
00
00
00
00
00
00
00
00
00
72
00
00
00
12
00
00
00
00
00
00
00
00
00
00
00
00
00
00
00
00
00
00
00
ba
14
00
00
12
00
00
00
00
00
00
00
00
00
00
00
00
00
00
00
00
00
00
00
7a
03
00
00
12
00
00
00
00
00
00
00
00
00
00
00
00
00
00
00
00
00
00
00
26
01
00
00
12
00
00
00
00
00
00
00
00
00
00
00
00
00
00
00
00
00
00
00
fc
01
00
00
12
00
00
00
00
00
00
00
00
00
00
00
00
00
00
00
00
00
00
00
31
1a
00
00
12
00
00
00
00
00
00
00
00
00
00
00
00
00
00
00
00
00
00
00
2a
02
00
00
12
00
00
00
00
00
00
00
00
00
00
00
00
00
00
00
00
00
00
00
46
00
00
00
22
00
00
00
00
00
00
00
00
00
00
00
00
00
00
00
00
00
00
00
f1
04
00
00
12
00
00
00
00
00
00
00
00
00
00
00
00
00
00
00
00
00
00
00
75
08
00
00
12
00
00
00
00
00
00
00
00
00
00
00
00
00
00
00
00
00
00
00
c8
00
00
00
12
00
00
00
00
00
00
00
00
00
00
00
00
00
00
00
00
00
00
00
32
04
00
00
12
00
00
00
00
00
00
00
00
00
00
00
00
00
00
00
00
00
00
00
f4
00
00
00
12
00
00
00
00
00
00
00
00
00
00
00
00
00
00
00
00
00
00
00
f5
0a
00
00
12
00
00
00
00
00
00
00
00
00
00
00
00
00
00
00
00
00
00
00
c1
16
00
00
12
00
00
00
00
00
00
00
00
00
00
00
00
00
00
00
00
00
00
00
d3
07
00
00
12
00
00
00
00
00
00
00
00
00
00
00
00
00
00
00
00
00
00
00
e9
0a
00
00
12
00
00
00
00
00
00
00
00
00
00
00
00
00
00
00
00
00
00
00
d6
02
00
00
11
00
00
00
00
00
00
00
00
00
00
00
00
00
00
00
00
00
00
00
d5
0a
00
00
12
00
00
00
00
00
00
00
00
00
00
00
00
00
00
00
00
00
00
00
1b
0c
00
00
12
00
00
00
00
00
00
00
00
00
00
00
00
00
00
00
00
00
00
00
68
16
00
00
12
00
00
00
00
00
00
00
00
00
00
00
00
00
00
00
00
00
00
00
ee
08
00
00
12
00
00
00
00
00
00
00
00
00
00
00
00
00
00
00
00
00
00
00
d7
05
00
00
11
00
00
00
00
00
00
00
00
00
00
00
00
00
00
00
00
00
00
00
fb
0a
00
00
12
00
00
00
00
00
00
00
00
00
00
00
00
00
00
00
00
00
00
00
5e
10
00
00
12
00
00
00
00
00
00
00
00
00
00
00
00
00
00
00
00
00
00
00
75
01
00
00
16
00
00
00
00
00
00
00
00
00
00
00
00
00
00
00
00
00
00
00
4a
01
00
00
12
00
00
00
00
00
00
00
00
00
00
00
00
00
00
00
00
00
00
00
6d
1b
00
00
12
00
00
00
00
00
00
00
00
00
00
00
00
00
00
00
00
00
00
00
5a
14
00
00
12
00
00
00
00
00
00
00
00
00
00
00
00
00
00
00
00
00
00
00
02
01
00
00
12
00
00
00
00
00
00
00
00
00
00
00
00
00
00
00
00
00
00
00
5c
00
00
00
12
00
00
00
00
00
00
00
00
00
00
00
00
00
00
00
00
00
00
00
0c
14
00
00
12
00
00
00
00
00
00
00
00
00
00
00
00
00
00
00
00
00
00
00
bb
01
00
00
12
00
00
00
00
00
00
00
00
00
00
00
00
00
00
00
00
00
00
00
b1
11
00
00
12
00
00
00
00
00
00
00
00
00
00
00
00
00
00
00
00
00
00
00
0e
0c
00
00
12
00
00
00
00
00
00
00
00
00
00
00
00
00
00
00
00
00
00
00
fb
00
00
00
12
00
00
00
00
00
00
00
00
00
00
00
00
00
00
00
00
00
00
00
5a
02
00
00
11
00
00
00
00
00
00
00
00
00
00
00
00
00
00
00
00
00
00
00
43
05
00
00
12
00
00
00
00
00
00
00
00
00
00
00
00
00
00
00
00
00
00
00
e6
00
00
00
12
00
00
00
00
00
00
00
00
00
00
00
00
00
00
00
00
00
00
00
be
08
00
00
12
00
00
00
00
00
00
00
00
00
00
00
00
00
00
00
00
00
00
00
dd
06
00
00
12
00
00
00
00
00
00
00
00
00
00
00
00
00
00
00
00
00
00
00
14
03
00
00
11
00
00
00
00
00
00
00
00
00
00
00
00
00
00
00
00
00
00
00
a7
05
00
00
12
00
00
00
00
00
00
00
00
00
00
00
00
00
00
00
00
00
00
00
b7
00
00
00
12
00
00
00
00
00
00
00
00
00
00
00
00
00
00
00
00
00
00
00
8d
03
00
00
12
00
00
00
00
00
00
00
00
00
00
00
00
00
00
00
00
00
00
00
10
06
00
00
12
00
00
00
00
00
00
00
00
00
00
00
00
00
00
00
00
00
00
00
ef
0b
00
00
16
00
00
00
00
00
00
00
00
00
00
00
00
00
00
00
00
00
00
00
18
0b
00
00
12
00
00
00
00
00
00
00
00
00
00
00
00
00
00
00
00
00
00
00
55
00
00
00
12
00
00
00
00
00
00
00
00
00
00
00
00
00
00
00
00
00
00
00
ae
05
00
00
11
00
00
00
00
00
00
00
00
00
00
00
00
00
00
00
00
00
00
00
1b
1b
00
00
12
00
00
00
00
00
00
00
00
00
00
00
00
00
00
00
00
00
00
00
7b
05
00
00
12
00
00
00
00
00
00
00
00
00
00
00
00
00
00
00
00
00
00
00
c2
01
00
00
12
00
00
00
00
00
00
00
00
00
00
00
00
00
00
00
00
00
00
00
c0
15
00
00
12
00
00
00
00
00
00
00
00
00
00
00
00
00
00
00
00
00
00
00
2b
14
00
00
12
00
00
00
00
00
00
00
00
00
00
00
00
00
00
00
00
00
00
00
9b
04
00
00
12
00
00
00
00
00
00
00
00
00
00
00
00
00
00
00
00
00
00
00
24
04
00
00
11
00
00
00
00
00
00
00
00
00
00
00
00
00
00
00
00
00
00
00
8a
14
00
00
12
00
00
00
00
00
00
00
00
00
00
00
00
00
00
00
00
00
00
00
03
03
00
00
12
00
00
00
00
00
00
00
00
00
00
00
00
00
00
00
00
00
00
00
9a
01
00
00
12
00
00
00
00
00
00
00
00
00
00
00
00
00
00
00
00
00
00
00
3c
02
00
00
12
00
00
00
00
00
00
00
00
00
00
00
00
00
00
00
00
00
00
00
91
05
00
00
12
00
00
00
00
00
00
00
00
00
00
00
00
00
00
00
00
00
00
00
b3
0e
00
00
12
00
00
00
00
00
00
00
00
00
00
00
00
00
00
00
00
00
00
00
aa
17
00
00
20
00
00
00
00
00
00
00
00
00
00
00
00
00
00
00
00
00
00
00
db
03
00
00
12
00
00
00
00
00
00
00
00
00
00
00
00
00
00
00
00
00
00
00
cf
10
00
00
12
00
00
00
00
00
00
00
00
00
00
00
00
00
00
00
00
00
00
00
01
0c
00
00
12
00
00
00
00
00
00
00
00
00
00
00
00
00
00
00
00
00
00
00
ec
00
00
00
12
00
00
00
00
00
00
00
00
00
00
00
00
00
00
00
00
00
00
00
4a
02
00
00
12
00
00
00
00
00
00
00
00
00
00
00
00
00
00
00
00
00
00
00
15
02
00
00
12
00
00
00
00
00
00
00
00
00
00
00
00
00
00
00
00
00
00
00
5e
01
00
00
12
00
00
00
00
00
00
00
00
00
00
00
00
00
00
00
00
00
00
00
8b
01
00
00
12
00
00
00
00
00
00
00
00
00
00
00
00
00
00
00
00
00
00
00
2c
16
00
00
12
00
00
00
00
00
00
00
00
00
00
00
00
00
00
00
00
00
00
00
f8
04
00
00
12
00
00
00
00
00
00
00
00
00
00
00
00
00
00
00
00
00
00
00
91
07
00
00
12
00
00
00
00
00
00
00
00
00
00
00
00
00
00
00
00
00
00
00
10
00
00
00
20
00
00
00
00
00
00
00
00
00
00
00
00
00
00
00
00
00
00
00
3b
01
00
00
12
00
00
00
00
00
00
00
00
00
00
00
00
00
00
00
00
00
00
00
7d
0a
00
00
12
00
00
00
00
00
00
00
00
00
00
00
00
00
00
00
00
00
00
00
0f
11
00
00
12
00
00
00
00
00
00
00
00
00
00
00
00
00
00
00
00
00
00
00
c1
0a
00
00
12
00
00
00
00
00
00
00
00
00
00
00
00
00
00
00
00
00
00
00
c7
11
00
00
12
00
00
00
00
00
00
00
00
00
00
00
00
00
00
00
00
00
00
00
01
00
00
00
20
00
00
00
00
00
00
00
00
00
00
00
00
00
00
00
00
00
00
00
fd
05
00
00
22
00
00
00
00
00
00
00
00
00
00
00
00
00
00
00
00
00
00
00
2c
00
00
00
20
00
00
00
00
00
00
00
00
00
00
00
00
00
00
00
00
00
00
00
2c
1b
00
00
12
00
00
00
00
00
00
00
00
00
00
00
00
00
00
00
00
00
00
00
2b
04
00
00
12
00
00
00
00
00
00
00
00
00
00
00
00
00
00
00
00
00
00
00
9a
02
00
00
11
00
00
00
00
00
00
00
00
00
00
00
00
00
00
00
00
00
00
00
e0
04
00
00
12
00
00
00
00
00
00
00
00
00
00
00
00
00
00
00
00
00
00
00
a5
06
00
00
12
00
0e
00
30
78
01
00
00
00
00
00
bf
00
00
00
00
00
00
00
27
0d
00
00
12
00
0e
00
10
89
02
00
00
00
00
00
ec
00
00
00
00
00
00
00
12
12
00
00
12
00
0e
00
10
f2
02
00
00
00
00
00
bb
01
00
00
00
00
00
00
aa
19
00
00
12
00
0e
00
a0
b5
03
00
00
00
00
00
ef
00
00
00
00
00
00
00
0e
0e
00
00
12
00
0e
00
b0
b6
02
00
00
00
00
00
5c
00
00
00
00
00
00
00
97
15
00
00
12
00
0e
00
d0
00
03
00
00
00
00
00
da
01
00
00
00
00
00
00
1c
0f
00
00
12
00
0e
00
80
ce
02
00
00
00
00
00
07
01
00
00
00
00
00
00
00
1a
00
00
12
00
0e
00
00
b7
03
00
00
00
00
00
2c
00
00
00
00
00
00
00
eb
14
00
00
12
00
0e
00
c0
fd
02
00
00
00
00
00
