00
00
00
00
6c
00
00
00
f5
02
00
00
00
00
00
00
00
00
00
00
00
00
00
00
00
00
00
00
00
00
00
00
da
00
00
00
35
01
00
00
00
00
00
00
00
00
00
00
00
00
00
00
7c
04
00
00
00
00
00
00
00
00
00
00
47
02
00
00
00
00
00
00
00
00
00
00
c8
01
00
00
0f
04
00
00
00
00
00
00
00
00
00
00
00
00
00
00
00
00
00
00
00
00
00
00
39
03
00
00
00
00
00
00
00
00
00
00
00
00
00
00
00
00
00
00
73
01
00
00
00
00
00
00
00
00
00
00
00
00
00
00
42
03
00
00
00
00
00
00
9a
01
00
00
af
02
00
00
00
00
00
00
45
02
00
00
00
00
00
00
00
00
00
00
00
00
00
00
bd
02
00
00
00
00
00
00
00
00
00
00
00
00
00
00
e2
00
00
00
d4
02
00
00
00
00
00
00
d5
03
00
00
00
00
00
00
00
00
00
00
ef
03
00
00
1c
03
00
00
00
00
00
00
00
00
00
00
c6
03
00
00
62
02
00
00
00
00
00
00
00
00
00
00
00
00
00
00
00
00
00
00
00
00
00
00
1b
00
00
00
00
00
00
00
45
01
00
00
00
00
00
00
00
00
00
00
00
00
00
00
00
00
00
00
00
01
00
00
d6
01
00
00
00
00
00
00
00
00
00
00
00
00
00
00
00
00
00
00
93
04
00
00
00
00
00
00
ee
02
00
00
00
00
00
00
53
04
00
00
00
00
00
00
e3
01
00
00
00
00
00
00
0d
03
00
00
6f
03
00
00
00
00
00
00
00
00
00
00
00
00
00
00
f7
00
00
00
64
02
00
00
00
00
00
00
00
00
00
00
e9
01
00
00
6e
04
00
00
b4
04
00
00
00
00
00
00
00
00
00
00
e2
01
00
00
00
00
00
00
a5
00
00
00
1c
02
00
00
00
00
00
00
00
00
00
00
e8
03
00
00
53
02
00
00
00
00
00
00
a0
01
00
00
00
00
00
00
74
03
00
00
00
00
00
00
00
00
00
00
00
00
00
00
00
00
00
00
79
03
00
00
00
00
00
00
42
01
00
00
00
00
00
00
00
00
00
00
3b
03
00
00
00
00
00
00
00
00
00
00
00
00
00
00
00
00
00
00
00
00
00
00
00
00
00
00
c8
02
00
00
d3
01
00
00
0e
00
00
00
00
00
00
00
48
02
00
00
00
00
00
00
00
00
00
00
0f
01
00
00
50
01
00
00
70
00
00
00
00
00
00
00
4f
00
00
00
38
03
00
00
84
00
00
00
00
00
00
00
00
00
00
00
e8
01
00
00
7d
01
00
00
5e
01
00
00
00
00
00
00
74
00
00
00
00
00
00
00
00
00
00
00
00
00
00
00
00
00
00
00
00
00
00
00
b4
03
00
00
00
00
00
00
5e
03
00
00
00
00
00
00
e5
02
00
00
36
03
00
00
00
00
00
00
53
03
00
00
00
00
00
00
00
00
00
00
2a
00
00
00
00
00
00
00
00
00
00
00
00
00
00
00
00
00
00
00
00
00
00
00
00
00
00
00
00
00
00
00
00
00
00
00
00
00
00
00
00
00
00
00
00
00
00
00
00
00
00
00
00
03
00
00
00
00
00
00
a1
01
00
00
d1
03
00
00
00
00
00
00
00
00
00
00
00
00
00
00
ff
03
00
00
d8
02
00
00
57
02
00
00
00
00
00
00
78
03
00
00
00
00
00
00
00
00
00
00
00
00
00
00
00
00
00
00
00
00
00
00
00
00
00
00
00
00
00
00
00
00
00
00
38
00
00
00
41
03
00
00
c3
02
00
00
00
00
00
00
b3
04
00
00
00
00
00
00
4f
01
00
00
5f
02
00
00
c2
03
00
00
00
00
00
00
00
00
00
00
00
00
00
00
00
00
00
00
68
03
00
00
00
00
00
00
c4
00
00
00
00
00
00
00
e8
00
00
00
00
00
00
00
00
00
00
00
b6
00
00
00
00
00
00
00
00
00
00
00
00
00
00
00
00
00
00
00
e7
02
00
00
00
00
00
00
00
00
00
00
3b
02
00
00
00
00
00
00
0b
01
00
00
00
00
00
00
d1
00
00
00
fc
00
00
00
00
00
00
00
2d
01
00
00
00
00
00
00
8c
01
00
00
1f
03
00
00
00
00
00
00
52
01
00
00
db
00
00
00
00
00
00
00
fc
03
00
00
00
00
00
00
00
00
00
00
00
00
00
00
00
00
00
00
34
03
00
00
00
00
00
00
11
03
00
00
4e
01
00
00
00
00
00
00
12
03
00
00
00
00
00
00
24
00
00
00
00
00
00
00
1a
03
00
00
00
00
00
00
00
00
00
00
90
03
00
00
00
00
00
00
00
00
00
00
61
04
00
00
00
00
00
00
e0
02
00
00
00
00
00
00
00
00
00
00
a4
02
00
00
00
00
00
00
06
00
00
00
5b
01
00
00
81
01
00
00
68
00
00
00
00
00
00
00
82
04
00
00
00
00
00
00
00
00
00
00
00
00
00
00
49
04
00
00
f3
03
00
00
94
00
00
00
00
00
00
00
9b
00
00
00
00
00
00
00
00
00
00
00
3f
02
00
00
00
00
00
00
4d
02
00
00
e0
03
00
00
00
00
00
00
3f
01
00
00
00
00
00
00
00
00
00
00
00
00
00
00
00
00
00
00
00
00
00
00
00
00
00
00
98
01
00
00
00
00
00
00
00
00
00
00
00
00
00
00
00
00
00
00
00
00
00
00
f9
02
00
00
00
00
00
00
1b
01
00
00
60
04
00
00
00
00
00
00
00
00
00
00
00
00
00
00
b4
02
00
00
00
00
00
00
d2
02
00
00
0e
02
00
00
00
00
00
00
5c
03
00
00
00
00
00
00
00
00
00
00
00
00
00
00
00
00
00
00
79
04
00
00
08
01
00
00
00
00
00
00
a9
04
00
00
00
00
00
00
00
00
00
00
00
00
00
00
00
00
00
00
00
00
00
00
08
04
00
00
4f
04
00
00
c2
01
00
00
00
00
00
00
00
00
00
00
56
04
00
00
00
00
00
00
00
00
00
00
00
00
00
00
7f
01
00
00
f2
02
00
00
f0
03
00
00
46
01
00
00
65
02
00
00
13
03
00
00
8b
03
00
00
ef
00
00
00
00
00
00
00
00
00
00
00
50
02
00
00
7e
04
00
00
67
00
00
00
e1
02
00
00
00
00
00
00
00
00
00
00
00
00
00
00
00
00
00
00
67
04
00
00
00
00
00
00
00
00
00
00
30
02
00
00
00
00
00
00
a3
00
00
00
2f
04
00
00
00
00
00
00
00
00
00
00
80
03
00
00
76
03
00
00
83
04
00
00
00
00
00
00
00
00
00
00
01
01
00
00
00
00
00
00
00
00
00
00
b8
00
00
00
30
04
00
00
df
02
00
00
92
03
00
00
0e
01
00
00
00
00
00
00
00
00
00
00
00
00
00
00
aa
00
00
00
00
00
00
00
00
00
00
00
00
00
00
00
00
00
00
00
00
00
00
00
00
00
00
00
c6
00
00
00
00
00
00
00
00
00
00
00
ba
01
00
00
b5
03
00
00
d7
03
00
00
00
00
00
00
8e
02
00
00
21
02
00
00
00
00
00
00
00
00
00
00
00
00
00
00
0b
04
00
00
f2
03
00
00
00
00
00
00
00
00
00
00
54
04
00
00
00
00
00
00
7b
00
00
00
ec
00
00
00
00
00
00
00
1e
04
00
00
03
02
00
00
00
00
00
00
00
00
00
00
48
01
00
00
00
00
00
00
a5
03
00
00
00
00
00
00
00
00
00
00
00
00
00
00
00
00
00
00
00
00
00
00
0d
04
00
00
d7
01
00
00
41
00
00
00
a7
00
00
00
21
00
00
00
b3
02
00
00
00
00
00
00
59
04
00
00
00
00
00
00
00
00
00
00
17
00
00
00
00
00
00
00
64
03
00
00
72
04
00
00
71
01
00
00
00
00
00
00
9d
00
00
00
de
02
00
00
e3
03
00
00
00
00
00
00
e9
03
00
00
00
00
00
00
00
00
00
00
ea
02
00
00
00
00
00
00
c5
02
00
00
00
00
00
00
00
00
00
00
b4
01
00
00
00
00
00
00
00
00
00
00
14
04
00
00
00
00
00
00
91
03
00
00
00
00
00
00
80
01
00
00
00
00
00
00
00
00
00
00
47
04
00
00
00
00
00
00
89
04
00
00
00
00
00
00
8f
04
00
00
00
00
00
00
10
02
00
00
b9
03
00
00
52
04
00
00
00
00
00
00
14
01
00
00
00
00
00
00
80
00
00
00
00
00
00
00
00
00
00
00
b7
01
00
00
00
00
00
00
00
00
00
00
00
00
00
00
00
00
00
00
00
00
00
00
14
03
00
00
00
00
00
00
00
00
00
00
00
00
00
00
a6
01
00
00
00
00
00
00
00
00
00
00
00
00
00
00
00
00
00
00
49
03
00
00
c9
00
00
00
15
01
00
00
83
02
00
00
00
00
00
00
9b
03
00
00
b8
03
00
00
71
04
00
00
00
00
00
00
00
00
00
00
00
00
00
00
00
00
00
00
00
00
00
00
c4
03
00
00
00
00
00
00
00
00
00
00
f8
00
00
00
00
00
00
00
00
00
00
00
00
00
00
00
00
00
00
00
00
00
00
00
00
00
00
00
00
00
00
00
00
00
00
00
00
00
00
00
00
00
00
00
00
00
00
00
00
00
00
00
00
00
00
00
00
00
00
00
00
00
00
00
00
00
00
00
00
00
00
00
00
00
00
00
00
00
00
00
00
00
00
00
00
00
00
00
00
00
00
00
00
00
00
00
00
00
00
00
00
00
00
00
00
00
00
00
00
00
00
00
00
00
00
00
00
00
00
00
00
00
00
00
00
00
00
00
00
00
00
00
00
00
00
00
00
00
00
00
00
00
00
00
00
00
00
00
00
00
00
00
00
00
00
00
00
00
00
00
00
00
00
00
00
00
00
00
00
00
00
00
00
00
00
00
00
00
00
00
00
00
00
00
00
00
00
00
00
00
00
00
00
00
00
00
00
00
00
00
00
00
00
00
00
00
00
00
00
00
00
00
00
00
00
00
00
00
00
00
00
00
00
00
00
00
00
00
00
00
00
00
00
00
00
00
00
00
00
00
00
00
00
00
00
00
00
00
00
00
00
00
00
00
00
00
00
00
00
00
00
00
00
00
00
00
00
00
00
00
00
00
00
00
00
00
00
00
00
00
00
00
00
00
00
00
00
00
00
00
00
00
00
00
00
00
00
00
00
00
00
00
00
00
00
00
00
00
00
00
00
00
00
00
00
00
00
00
00
00
00
00
00
00
00
00
00
00
00
00
00
00
00
00
00
00
00
00
00
00
00
00
00
00
00
00
00
00
00
00
00
00
00
00
00
00
00
00
00
00
00
00
00
00
00
00
00
00
00
00
00
00
00
00
00
00
00
00
00
00
00
00
00
00
00
00
00
00
00
00
00
00
00
00
00
00
00
00
00
00
00
00
00
00
00
00
00
00
00
00
00
00
00
00
00
00
00
00
00
00
00
00
00
00
00
00
00
00
00
00
00
00
00
00
00
00
00
00
00
00
00
00
00
00
00
00
00
00
00
00
00
00
00
00
00
00
00
00
00
00
00
00
00
00
00
00
00
00
00
00
00
00
00
00
00
00
00
00
00
00
00
00
00
00
00
00
00
00
00
00
00
00
00
00
00
00
00
00
00
00
00
00
00
00
00
00
00
00
00
00
00
00
00
00
00
00
00
00
00
00
00
00
00
00
00
00
00
00
00
00
00
00
00
00
00
00
00
00
00
00
00
00
00
00
00
00
00
00
00
00
00
00
00
00
00
00
00
00
00
00
00
00
00
00
00
00
00
00
00
00
00
00
00
00
00
00
00
00
00
00
00
00
00
00
00
00
00
00
00
00
00
00
00
00
00
00
00
00
00
00
00
00
00
00
00
00
00
00
00
00
00
00
00
00
00
00
00
00
00
00
00
00
00
00
00
00
00
00
00
00
00
00
00
00
00
00
00
00
00
00
00
00
00
00
00
00
00
00
00
00
00
00
00
00
00
00
00
00
00
00
00
00
00
00
00
00
00
00
00
00
00
00
00
00
00
00
00
00
00
00
00
00
00
00
00
00
00
00
00
00
00
00
00
00
00
00
00
00
00
00
00
00
00
00
00
00
00
00
00
00
00
00
00
00
00
00
00
00
00
00
00
00
00
00
00
00
00
00
00
00
00
00
00
00
00
00
00
00
00
00
00
00
00
00
00
00
00
00
00
00
00
00
00
00
00
00
00
00
00
00
00
00
00
00
00
00
00
00
00
00
00
00
00
00
00
00
00
00
00
00
00
00
00
00
00
00
00
00
00
00
00
00
00
00
00
00
00
00
00
00
00
00
00
00
00
00
00
00
00
00
00
00
00
00
00
00
00
00
00
00
00
00
00
00
00
00
00
00
00
00
00
00
00
00
00
00
00
00
00
00
00
00
00
00
00
00
00
00
00
00
00
00
00
00
00
00
00
00
00
00
00
00
00
00
00
00
00
00
00
00
00
00
00
00
00
00
00
00
00
00
00
00
00
00
00
00
00
00
00
00
00
00
00
00
00
00
00
00
00
00
00
00
00
00
00
00
00
00
00
00
00
00
00
00
00
00
00
00
00
00
00
00
00
00
00
00
00
00
00
00
00
00
00
00
00
00
00
00
00
00
00
00
00
00
00
00
00
00
00
00
00
00
00
00
00
00
00
00
00
00
00
00
00
00
00
00
00
00
00
00
00
00
00
00
00
00
00
00
00
00
00
00
00
00
00
00
00
00
00
00
00
00
00
00
00
00
00
00
00
00
00
00
00
00
00
00
00
00
00
00
00
00
00
00
00
00
00
00
00
00
00
00
00
00
00
00
00
00
00
00
00
00
00
00
00
00
00
00
00
00
00
00
00
00
00
00
00
00
00
00
00
00
00
00
00
00
00
00
00
00
00
00
00
00
00
00
00
00
00
00
00
00
00
00
00
00
00
00
00
00
00
00
00
00
00
00
00
00
00
00
00
00
00
00
00
00
00
00
00
00
00
00
00
00
00
00
00
00
00
00
00
00
00
00
00
00
00
00
00
00
00
00
00
00
00
00
00
00
00
00
00
00
00
00
00
00
00
00
00
00
00
00
00
00
00
00
00
00
00
00
00
00
00
00
00
00
00
00
00
00
00
00
00
00
00
00
00
00
00
00
00
00
00
00
00
00
00
00
00
00
00
00
00
00
00
00
00
00
00
00
00
00
00
00
00
00
00
00
00
00
00
00
00
00
00
00
00
00
00
00
00
00
00
00
00
00
00
00
00
00
00
00
00
00
00
00
00
00
00
00
00
00
00
00
00
00
00
00
00
00
00
00
00
00
00
00
00
00
00
00
00
00
00
00
00
00
00
00
00
00
00
00
00
00
00
00
00
00
00
00
00
00
00
00
00
00
00
00
00
00
00
00
00
00
00
00
00
00
00
00
00
00
00
00
00
00
00
00
00
00
00
00
00
00
00
00
00
00
00
00
00
00
00
00
00
00
00
00
00
00
00
00
00
00
00
00
00
00
00
00
00
00
00
00
00
00
00
00
00
00
00
00
00
00
00
00
00
00
00
00
00
00
00
00
00
00
00
00
00
00
00
00
00
00
00
00
00
00
00
00
00
00
00
00
00
00
00
00
00
00
00
00
00
00
00
00
00
00
00
00
00
00
00
00
00
00
00
00
00
00
00
00
00
00
00
00
00
00
00
00
00
00
00
00
00
00
00
00
00
00
00
00
00
00
00
00
00
00
00
00
00
00
00
00
00
00
00
00
00
00
00
00
00
00
60
64
80
1b
3c
7f
00
00
20
64
80
1b
3c
7f
00
00
01
00
00
00
00
00
00
00
5f
27
00
00
00
00
00
00
01
00
00
00
00
00
00
00
69
27
00
00
00
00
00
00
0e
00
00
00
00
00
00
00
7e
27
00
00
00
00
00
00
0c
00
00
00
00
00
00
00
00
e0
00
00
00
00
00
00
0d
00
00
00
00
00
00
00
c8
98
08
00
00
00
00
00
19
00
00
00
00
00
00
00
80
5d
0e
00
00
00
00
00
1b
00
00
00
00
00
00
00
08
00
00
00
00
00
00
00
1a
00
00
00
00
00
00
00
88
5d
0e
00
00
00
00
00
1c
00
00
00
00
00
00
00
08
00
00
00
00
00
00
00
04
00
00
00
00
00
00
00
50
a5
8d
1b
3c
7f
00
00
f5
fe
ff
6f
00
00
00
00
20
83
7f
1b
3c
7f
00
00
05
00
00
00
00
00
00
00
08
1b
80
1b
3c
7f
00
00
06
00
00
00
00
00
00
00
68
a9
7f
1b
3c
7f
00
00
0a
00
00
00
00
00
00
00
30
28
00
00
00
00
00
00
0b
00
00
00
00
00
00
00
18
00
00
00
00
00
00
00
03
00
00
00
00
00
00
00
00
e0
8d
1b
3c
7f
00
00
02
00
00
00
00
00
00
00
88
02
00
00
00
00
00
00
14
00
00
00
00
00
00
00
07
00
00
00
00
00
00
00
17
00
00
00
00
00
00
00
58
50
80
1b
3c
7f
00
00
07
00
00
00
00
00
00
00
20
4f
80
1b
3c
7f
00
00
08
00
00
00
00
00
00
00
38
01
00
00
00
00
00
00
09
00
00
00
00
00
00
00
18
00
00
00
00
00
00
00
fc
ff
ff
6f
00
00
00
00
b0
cc
00
00
00
00
00
00
fd
ff
ff
6f
00
00
00
00
0f
00
00
00
00
00
00
00
1e
00
00
00
00
00
00
00
10
00
00
00
00
00
00
00
fe
ff
ff
6f
00
00
00
00
c0
ce
00
00
00
00
00
00
ff
ff
ff
6f
00
00
00
00
02
00
00
00
00
00
00
00
f0
ff
ff
6f
00
00
00
00
38
43
80
1b
3c
7f
00
00
f9
ff
ff
6f
00
00
00
00
03
00
00
00
00
00
00
00
00
00
00
00
00
00
00
00
00
00
00
00
00
00
00
00
00
00
00
00
00
00
00
00
00
00
00
00
00
00
00
00
00
00
00
00
00
00
00
00
00
00
00
00
00
00
00
00
00
00
00
00
00
00
00
00
00
00
00
00
00
00
00
00
00
00
00
00
00
00
00
00
00
00
00
00
00
00
00
00
00
00
00
00
00
00
00
00
00
f5
ff
ff
ff
ff
ff
ff
f8
e0
8d
1b
3c
7f
00
00
00
00
00
00
00
00
00
00
e0
ea
6d
20
3c
7f
00
00
00
e1
8d
1b
3c
7f
00
00
00
e1
8d
1b
3c
7f
00
00
00
00
00
00
00
00
00
00
a0
39
ba
1b
3c
7f
00
00
60
98
d7
1b
3c
7f
00
00
