90
5d
0e
00
00
00
00
00
20
aa
9c
1b
3c
7f
00
00
30
ad
6b
20
3c
7f
00
00
30
60
80
1b
3c
7f
00
00
b0
09
87
1b
3c
7f
00
00
60
00
87
1b
3c
7f
00
00
60
60
80
1b
3c
7f
00
00
70
60
80
1b
3c
7f
00
00
80
60
80
1b
3c
7f
00
00
90
60
80
1b
3c
7f
00
00
a0
60
80
1b
3c
7f
00
00
b0
60
80
1b
3c
7f
00
00
a0
2a
87
1b
3c
7f
00
00
d0
60
80
1b
3c
7f
00
00
b0
f2
86
1b
3c
7f
00
00
10
85
82
1b
3c
7f
00
00
b0
32
87
1b
3c
7f
00
00
60
f9
86
1b
3c
7f
00
00
60
e6
86
1b
3c
7f
00
00
b0
2c
87
1b
3c
7f
00
00
b0
e8
86
1b
3c
7f
00
00
f0
2e
87
1b
3c
7f
00
00
60
61
80
1b
3c
7f
00
00
40
37
87
1b
3c
7f
00
00
d0
2d
87
1b
3c
7f
00
00
c0
11
87
1b
3c
7f
00
00
a0
61
80
1b
3c
7f
00
00
a0
2b
87
1b
3c
7f
00
00
70
e4
86
1b
3c
7f
00
00
f0
34
87
1b
3c
7f
00
00
f0
e0
8d
1b
3c
7f
00
00
02
00
00
00
00
00
00
00
00
00
00
00
00
00
00
00
34
37
39
66
61
62
32
61
36
39
61
35
34
62
39
66
35
36
34
35
31
66
62
65
65
30
2e
64
65
62
75
67
00
00
00
00
52
c5
f5
6f
00
2e
73
68
73
74
72
74
61
62
00
2e
6e
6f
74
65
2e
67
6e
75
2e
70
72
6f
70
65
72
74
79
00
2e
6e
6f
74
65
2e
67
6e
75
2e
62
75
69
6c
64
2d
69
64
00
2e
6e
6f
74
65
2e
41
42
49
2d
74
61
67
00
2e
67
6e
75
2e
68
61
73
68
00
2e
64
79
6e
73
79
6d
00
2e
64
79
6e
73
74
72
00
2e
67
6e
75
2e
76
65
72
73
69
6f
6e
00
2e
67
6e
75
2e
76
65
72
73
69
6f
6e
5f
64
00
2e
67
6e
75
2e
76
65
72
73
69
6f
6e
5f
72
00
2e
72
65
6c
61
2e
64
79
6e
00
2e
72
65
6c
61
2e
70
6c
74
00
2e
69
6e
69
74
00
2e
70
6c
74
2e
67
6f
74
00
2e
70
6c
74
2e
73
65
63
00
2e
74
65
78
74
00
2e
66
69
6e
69
00
2e
72
6f
64
61
74
61
00
2e
65
68
5f
66
72
61
6d
65
5f
68
64
72
00
2e
65
68
5f
66
72
61
6d
65
00
2e
69
6e
69
74
5f
61
72
72
61
79
00
2e
66
69
6e
69
5f
61
72
72
61
79
00
2e
64
79
6e
61
6d
69
63
00
2e
67
6f
74
2e
70
6c
74
00
2e
64
61
74
61
00
2e
62
73
73
00
2e
67
6e
75
5f
64
65
62
75
67
6c
69
6e
6b
00
00
00
00
00
00
00
00
00
00
00
00
00
00
00
00
00
00
00
00
00
00
00
00
00
00
00
00
00
00
00
00
00
00
00
00
00
00
00
00
00
00
00
00
00
00
00
00
00
00
00
00
00
00
00
00
00
00
00
00
00
00
00
00
00
0b
00
00
00
07
00
00
00
02
00
00
00
00
00
00
00
a8
02
00
00
00
00
00
00
a8
02
00
00
00
00
00
00
30
00
00
00
00
00
00
00
00
00
00
00
00
00
00
00
08
00
00
00
00
00
00
00
00
00
00
00
00
00
00
00
1e
00
00
00
07
00
00
00
02
00
00
00
00
00
00
00
d8
02
00
00
00
00
00
00
d8
02
00
00
00
00
00
00
24
00
00
00
00
00
00
00
00
00
00
00
00
00
00
00
04
00
00
00
00
00
00
00
00
00
00
00
00
00
00
00
31
00
00
00
07
00
00
00
02
00
00
00
00
00
00
00
fc
02
00
00
00
00
00
00
fc
02
00
00
00
00
00
00
20
00
00
00
00
00
00
00
00
00
00
00
00
00
00
00
04
00
00
00
00
00
00
00
00
00
00
00
00
00
00
00
3f
00
00
00
f6
ff
ff
6f
02
00
00
00
00
00
00
00
20
03
00
00
00
00
00
00
20
03
00
00
00
00
00
00
44
26
00
00
00
00
00
00
05
00
00
00
00
00
00
00
08
00
00
00
00
00
00
00
00
00
00
00
00
00
00
00
49
00
00
00
0b
00
00
00
02
00
00
00
00
00
00
00
68
29
00
00
00
00
00
00
68
29
00
00
00
00
00
00
a0
71
00
00
00
00
00
00
06
00
00
00
01
00
00
00
08
00
00
00
00
00
00
00
18
00
00
00
00
00
00
00
51
00
00
00
03
00
00
00
02
00
00
00
00
00
00
00
08
9b
00
00
00
00
00
00
08
9b
00
00
00
00
00
00
30
28
00
00
00
00
00
00
00
00
00
00
00
00
00
00
01
00
00
00
00
00
00
00
00
00
00
00
00
00
00
00
59
00
00
00
ff
ff
ff
6f
02
00
00
00
00
00
00
00
38
c3
00
00
00
00
00
00
38
c3
00
00
00
00
00
00
78
09
00
00
00
00
00
00
05
00
00
00
00
00
00
00
02
00
00
00
00
00
00
00
02
00
00
00
00
00
00
00
66
00
00
00
fd
ff
ff
6f
02
00
00
00
00
00
00
00
b0
cc
00
00
00
00
00
00
b0
cc
00
00
00
00
00
00
0c
02
00
00
00
00
00
00
06
00
00
00
0f
00
00
00
08
00
00
00
00
00
00
00
00
00
00
00
00
00
00
00
75
00
00
00
fe
ff
ff
6f
02
00
00
00
00
00
00
00
c0
ce
00
00
00
00
00
00
c0
ce
00
00
00
00
00
00
60
00
00
00
00
00
00
00
06
00
00
00
02
00
00
00
08
00
00
00
00
00
00
00
00
00
00
00
00
00
00
00
84
00
00
00
04
00
00
00
02
00
00
00
00
00
00
00
20
cf
00
00
00
00
00
00
20
cf
00
00
00
00
00
00
38
01
00
00
00
00
00
00
05
00
00
00
00
00
00
00
08
00
00
00
00
00
00
00
18
00
00
00
00
00
00
00
8e
00
00
00
04
00
00
00
42
00
00
00
00
00
00
00
58
d0
00
00
00
00
00
00
58
d0
00
00
00
00
00
00
88
02
00
00
00
00
00
00
05
00
00
00
1a
00
00
00
08
00
00
00
00
00
00
00
18
00
00
00
00
00
00
00
98
00
00
00
01
00
00
00
06
00
00
00
00
00
00
00
00
e0
00
00
00
00
00
00
00
e0
00
00
00
00
00
00
1b
00
00
00
00
00
00
00
00
00
00
00
00
00
00
00
04
00
00
00
00
00
00
00
00
00
00
00
00
00
00
00
93
00
00
00
01
00
00
00
06
00
00
00
00
00
00
00
20
e0
00
00
00
00
00
00
20
e0
00
00
00
00
00
00
c0
01
00
00
00
00
00
00
00
00
00
00
00
00
00
00
10
00
00
00
00
00
00
00
10
00
00
00
00
00
00
00
9e
00
00
00
01
00
00
00
06
00
00
00
00
00
00
00
e0
e1
00
00
00
00
00
00
e0
e1
00
00
00
00
00
00
10
00
00
00
00
00
00
00
00
00
00
00
00
00
00
00
10
00
00
00
00
00
00
00
10
00
00
00
00
00
00
00
a7
00
00
00
01
00
00
00
06
00
00
00
00
00
00
00
f0
e1
00
00
00
00
00
00
f0
e1
00
00
00
00
00
00
b0
01
00
00
00
00
00
00
00
00
00
00
00
00
00
00
10
00
00
00
00
00
00
00
10
00
00
00
00
00
00
00
b0
00
00
00
01
00
00
00
06
00
00
00
00
00
00
00
a0
e3
00
00
00
00
00
00
a0
e3
00
00
00
00
00
00
28
b5
07
00
00
00
00
00
00
00
00
00
00
00
00
00
10
00
00
00
00
00
00
00
00
00
00
00
00
00
00
00
b6
00
00
00
01
00
00
00
06
00
00
00
00
00
00
00
c8
98
08
00
00
00
00
00
c8
98
08
00
00
00
00
00
0d
00
00
00
00
00
00
00
00
00
00
00
00
00
00
00
04
00
00
00
00
00
00
00
00
00
00
00
00
00
00
00
bc
00
00
00
01
00
00
00
02
00
00
00
00
00
00
00
00
a0
08
00
00
00
00
00
00
a0
08
00
00
00
00
00
90
e4
04
00
00
00
00
00
00
00
00
00
00
00
00
00
20
00
00
00
00
00
00
00
00
00
00
00
00
00
00
00
c4
00
00
00
01
00
00
00
02
00
00
00
00
00
00
00
90
84
0d
00
00
00
00
00
90
84
0d
00
00
00
00
00
1c
1b
00
00
00
00
00
00
00
00
00
00
00
00
00
00
04
00
00
00
00
00
00
00
00
00
00
00
00
00
00
00
d2
00
00
00
01
00
00
00
02
00
00
00
00
00
00
00
b0
9f
0d
00
00
00
00
00
b0
9f
0d
00
00
00
00
00
9c
85
00
00
00
00
00
00
00
00
00
00
00
00
00
00
08
00
00
00
00
00
00
00
00
00
00
00
00
00
00
00
43
00
00
00
05
00
00
00
02
00
00
00
00
00
00
00
50
25
0e
00
00
00
00
00
50
25
0e
00
00
00
00
00
94
22
00
00
00
00
00
00
05
00
00
00
00
00
00
00
08
00
00
00
00
00
00
00
04
00
00
00
00
00
00
00
dc
00
00
00
0e
00
00
00
03
00
00
00
00
00
00
00
80
5d
0e
00
00
00
00
00
80
4d
0e
00
00
00
00
00
08
00
00
00
00
00
00
00
00
00
00
00
00
00
00
00
08
00
00
00
00
00
00
00
08
00
00
00
00
00
00
00
e8
00
00
00
0f
00
00
00
03
00
00
00
00
00
00
00
88
5d
0e
00
00
00
00
00
88
4d
0e
00
00
00
00
00
08
00
00
00
00
00
00
00
00
00
00
00
00
00
00
00
08
00
00
00
00
00
00
00
08
00
00
00
00
00
00
00
f4
00
00
00
06
00
00
00
03
00
00
00
00
00
00
00
90
5d
0e
00
00
00
00
00
90
4d
0e
00
00
00
00
00
20
02
00
00
00
00
00
00
06
00
00
00
00
00
00
00
08
00
00
00
00
00
00
00
10
00
00
00
00
00
00
00
a2
00
00
00
01
00
00
00
03
00
00
00
00
00
00
00
b0
5f
0e
00
00
00
00
00
b0
4f
0e
00
00
00
00
00
50
00
00
00
00
00
00
00
00
00
00
00
00
00
00
00
08
00
00
00
00
00
00
00
08
00
00
00
00
00
00
00
fd
00
00
00
01
00
00
00
03
00
00
00
00
00
00
00
00
60
0e
00
00
00
00
00
00
50
0e
00
00
00
00
00
f0
00
00
00
00
00
00
00
00
00
00
00
00
00
00
00
08
00
00
00
00
00
00
00
08
00
00
00
00
00
00
00
06
01
00
00
01
00
00
00
03
00
00
00
00
00
00
00
f0
60
0e
00
00
00
00
00
f0
50
0e
00
00
00
00
00
0c
00
00
00
00
00
00
00
00
00
00
00
00
00
00
00
08
00
00
00
00
00
00
00
00
00
00
00
00
00
00
00
0c
01
00
00
08
00
00
00
03
00
00
00
00
00
00
00
fc
60
0e
00
00
00
00
00
fc
50
0e
00
00
00
00
00
0c
00
00
00
00
00
00
00
00
00
00
00
00
00
00
00
04
00
00
00
00
00
00
00
00
00
00
00
00
00
00
00
11
01
00
00
01
00
00
00
00
00
00
00
00
00
00
00
00
00
00
00
00
00
00
00
fc
50
0e
00
00
00
00
00
34
00
00
00
00
00
00
00
00
00
00
00
00
00
00
00
04
00
00
00
00
00
00
00
00
00
00
00
00
00
00
00
01
00
00
00
03
00
00
00
00
00
00
00
00
00
00
00
00
00
00
00
00
00
00
00
30
51
0e
00
00
00
00
00
20
01
00
00
00
00
00
00
00
00
00
00
00
00
00
00
01
00
00
00
00
00
00
00
00
00
00
00
00
00
00
00
00
00
00
00
00
00
00
00
00
00
00
00
00
00
00
00
00
00
00
00
00
00
00
00
00
00
00
00
00
00
00
00
00
00
00
00
00
00
00
00
00
00
00
00
00
00
00
00
00
00
00
00
00
00
00
00
00
00
00
00
00
00
00
00
00
00
00
00
00
00
00
00
00
00
00
00
00
00
00
00
00
00
00
00
00
00
00
00
00
00
00
00
00
00
00
00
00
00
00
00
00
00
00
00
00
00
00
00
00
00
00
00
00
00
00
00
00
00
00
00
00
00
00
00
00
00
00
00
00
00
00
00
00
00
00
00
00
00
00
00
00
00
00
00
00
00
00
00
00
00
00
00
00
00
00
00
00
00
00
00
00
00
00
00
00
00
00
00
00
00
00
00
00
00
00
00
00
00
00
00
00
00
00
00
00
00
00
00
00
00
00
00
00
00
00
00
00
00
00
00
00
00
00
00
00
00
00
00
00
00
00
00
00
00
00
00
00
00
00
00
00
00
00
00
00
00
00
00
00
00
00
00
00
00
00
00
00
00
00
00
00
00
00
00
00
00
00
00
00
00
00
00
00
00
00
00
00
00
00
00
00
00
00
00
00
00
00
00
00
00
00
00
00
00
00
00
00
00
00
00
00
00
00
00
00
00
00
00
00
00
00
00
00
00
00
00
00
00
00
00
00
00
00
00
00
00
00
00
00
00
00
00
00
00
00
00
00
00
00
00
00
00
00
00
00
00
00
00
00
00
00
00
00
00
00
00
00
00
00
00
00
00
00
00
00
00
00
00
00
00
00
00
00
00
00
00
00
00
00
00
00
00
00
00
00
00
00
00
00
00
00
00
00
00
00
00
00
00
00
00
00
00
00
00
00
00
00
00
00
00
00
00
00
00
00
00
00
00
00
00
00
00
00
00
00
00
00
00
00
00
00
00
00
00
00
00
00
00
00
00
00
00
00
00
00
00
00
00
00
00
00
00
00
00
00
00
00
00
00
00
00
00
00
00
00
00
00
00
00
00
00
00
00
00
00
00
00
00
00
00
00
00
00
00
00
00
00
00
00
00
00
00
00
00
00
00
00
00
00
00
00
00
00
00
00
00
00
00
00
00
00
00
00
00
00
00
00
00
00
00
00
00
00
00
00
00
00
00
00
00
00
00
00
00
00
00
00
00
00
00
00
00
00
00
00
00
00
00
00
00
00
00
00
00
00
00
00
00
00
00
00
00
00
00
00
00
00
00
00
00
00
00
00
00
00
00
00
00
00
00
00
00
00
00
00
00
00
00
00
00
00
00
00
00
00
00
00
00
00
00
00
00
00
00
00
00
00
00
00
00
00
00
00
00
00
00
00
00
00
00
00
00
00
00
00
00
00
00
00
00
00
00
00
00
00
00
00
00
00
00
00
00
00
00
00
00
00
00
00
00
00
00
00
00
00
00
00
00
00
00
00
00
00
00
00
00
00
00
00
00
00
00
00
00
00
00
00
00
00
00
00
00
00
00
00
00
00
00
00
00
00
00
00
00
00
00
00
00
00
00
00
00
00
00
00
00
00
00
00
00
00
00
00
00
00
00
00
00
00
00
00
00
00
00
00
00
00
00
00
00
00
00
00
00
00
00
00
00
00
00
00
00
00
00
00
00
00
00
00
00
00
00
00
00
00
00
00
00
00
00
00
00
00
00
00
00
00
00
00
00
00
00
00
00
00
00
00
00
00
00
00
00
00
00
00
00
00
00
00
00
00
00
00
00
00
00
00
00
00
00
00
00
00
00
00
00
00
00
00
00
00
00
00
00
00
00
00
00
00
00
00
00
00
00
00
00
00
00
00
00
00
00
00
00
00
00
00
00
00
00
00
00
00
00
00
00
00
00
00
00
00
00
00
00
00
00
00
00
00
00
00
00
00
00
00
00
00
00
00
00
00
00
00
00
00
00
00
00
00
00
00
00
00
00
00
00
00
00
00
00
00
00
00
00
00
00
00
00
00
00
00
00
00
00
00
00
00
00
00
00
00
00
00
00
00
00
00
00
00
00
00
00
00
00
00
00
00
00
00
00
00
00
00
00
00
00
00
00
00
00
00
00
00
00
00
00
00
00
00
00
00
00
00
00
00
00
00
00
00
00
00
00
00
00
00
00
00
00
00
00
00
00
00
00
00
00
00
00
00
00
00
00
00
00
00
00
00
00
00
00
00
00
00
00
00
00
00
00
00
00
00
00
00
00
00
00
00
00
00
00
00
00
00
00
00
00
00
00
00
00
00
00
00
00
00
00
00
00
00
00
00
00
00
00
00
00
00
00
00
00
00
00
00
00
00
00
00
00
00
00
00
00
00
00
00
00
00
00
00
00
00
00
00
00
00
00
00
00
00
00
00
00
00
00
00
00
00
00
00
00
00
00
00
00
00
00
00
00
00
00
00
00
00
00
00
00
00
00
00
00
00
00
00
00
00
00
00
00
00
00
00
00
00
00
00
00
00
00
00
00
00
00
00
00
00
00
00
00
00
00
00
00
00
00
00
00
00
00
00
00
00
00
00
00
00
00
00
00
00
00
00
00
00
00
00
00
00
00
00
00
00
00
00
00
00
00
00
00
00
00
00
00
00
00
00
00
00
00
00
00
00
00
00
00
00
00
00
00
00
00
00
00
00
00
00
00
00
00
00
00
00
00
00
00
00
00
00
00
00
00
00
00
00
00
00
00
00
00
00
00
00
00
00
00
00
00
00
00
00
00
00
00
00
00
00
00
00
00
00
00
00
00
00
00
00
00
00
00
00
00
00
00
00
00
00
00
00
00
00
00
00
00
00
00
00
00
00
00
00
00
00
00
00
00
00
00
00
00
00
00
00
00
00
00
00
00
00
00
00
00
00
00
00
00
00
00
00
00
00
00
00
00
00
00
00
00
00
00
00
00
00
00
00
00
00
00
00
00
00
00
00
00
00
00
00
00
00
00
00
00
00
00
00
00
00
00
00
00
00
00
00
00
00
00
00
00
00
00
00
00
00
00
00
00
00
00
00
00
00
00
00
00
00
00
00
00
00
00
00
00
00
00
00
00
00
00
00
00
00
00
00
00
00
00
00
00
00
00
00
00
00
00
00
00
00
00
00
00
00
00
00
00
00
00
00
00
00
00
00
00
00
00
00
00
00
00
00
00
00
00
00
00
00
00
00
00
00
00
00
00
00
00
00
00
00
00
00
00
00
00
00
00
00
00
00
00
00
00
00
00
00
00
00
00
00
00
00
00
00
00
00
00
00
00
00
00
00
00
00
00
00
00
00
00
00
00
00
00
00
00
00
00
00
00
00
00
00
00
00
00
00
00
00
00
00
00
00
00
00
00
00
00
00
00
00
00
00
00
00
00
00
00
00
00
00
00
00
00
00
00
00
00
00
00
00
00
00
00
00
00
00
00
00
00
00
00
00
00
00
00
