e0
ed
01
00
00
00
00
00
80
3e
6a
20
3c
7f
00
00
30
ad
6b
20
3c
7f
00
00
30
a0
d8
1b
3c
7f
00
00
40
a0
d8
1b
3c
7f
00
00
50
a0
d8
1b
3c
7f
00
00
60
a0
d8
1b
3c
7f
00
00
70
a0
d8
1b
3c
7f
00
00
80
a0
d8
1b
3c
7f
00
00
90
a0
d8
1b
3c
7f
00
00
a0
a0
d8
1b
3c
7f
00
00
b0
a0
d8
1b
3c
7f
00
00
c0
a0
d8
1b
3c
7f
00
00
d0
a0
d8
1b
3c
7f
00
00
e0
a0
d8
1b
3c
7f
00
00
f0
a0
d8
1b
3c
7f
00
00
00
a1
d8
1b
3c
7f
00
00
10
a1
d8
1b
3c
7f
00
00
20
a1
d8
1b
3c
7f
00
00
30
a1
d8
1b
3c
7f
00
00
40
a1
d8
1b
3c
7f
00
00
50
a1
d8
1b
3c
7f
00
00
60
a1
d8
1b
3c
7f
00
00
70
a1
d8
1b
3c
7f
00
00
80
a1
d8
1b
3c
7f
00
00
90
a1
d8
1b
3c
7f
00
00
a0
a1
d8
1b
3c
7f
00
00
b0
a1
d8
1b
3c
7f
00
00
c0
a1
d8
1b
3c
7f
00
00
d0
a1
d8
1b
3c
7f
00
00
e0
a1
d8
1b
3c
7f
00
00
f0
a1
d8
1b
3c
7f
00
00
00
a2
d8
1b
3c
7f
00
00
10
a2
d8
1b
3c
7f
00
00
20
a2
d8
1b
3c
7f
00
00
30
a2
d8
1b
3c
7f
00
00
40
a2
d8
1b
3c
7f
00
00
50
a2
d8
1b
3c
7f
00
00
60
a2
d8
1b
3c
7f
00
00
70
a2
d8
1b
3c
7f
00
00
80
a2
d8
1b
3c
7f
00
00
90
a2
d8
1b
3c
7f
00
00
a0
a2
d8
1b
3c
7f
00
00
b0
a2
d8
1b
3c
7f
00
00
c0
a2
d8
1b
3c
7f
00
00
d0
a2
d8
1b
3c
7f
00
00
e0
a2
d8
1b
3c
7f
00
00
f0
a2
d8
1b
3c
7f
00
00
00
a3
d8
1b
3c
7f
00
00
10
a3
d8
1b
3c
7f
00
00
20
a3
d8
1b
3c
7f
00
00
30
a3
d8
1b
3c
7f
00
00
a0
61
da
1b
3c
7f
00
00
00
00
00
00
00
00
00
00
00
00
00
00
00
00
00
00
00
00
00
00
00
00
00
00
00
00
00
00
00
00
00
00
00
00
00
00
00
00
00
00
00
00
00
00
00
00
00
00
00
00
00
00
00
00
00
00
00
00
00
00
00
00
00
00
00
00
00
00
00
00
00
00
00
cb
ce
46
64
00
1e
80
03
00
00
00
00
00
00
00
01
00
00
00
03
00
00
00
0f
00
00
00
ff
47
0f
00
00
00
00
00
00
00
00
00
00
00
00
00
00
00
00
00
00
00
00
00
00
00
00
00
00
00
00
00
00
00
00
00
00
00
00
00
00
00
00
00
00
00
00
00
00
00
00
00
00
00
00
00
00
00
00
00
00
00
00
00
00
00
00
00
00
00
00
00
00
00
00
00
00
00
00
00
00
00
00
00
00
00
00
00
00
00
00
00
00
00
00
00
00
00
00
00
00
00
00
00
00
00
00
00
00
00
00
00
00
00
00
00
00
00
00
00
00
00
00
00
00
00
00
00
00
00
00
00
00
00
00
00
00
00
00
00
00
00
00
00
00
00
00
00
00
00
00
00
00
00
00
00
00
00
00
00
00
00
00
00
00
00
00
00
00
00
00
00
00
00
00
00
00
00
00
00
00
00
00
00
00
00
00
00
00
00
00
00
00
00
00
00
00
00
00
00
00
00
00
00
00
00
00
00
00
00
00
00
00
00
00
00
00
00
00
00
67
6c
69
6e
6b
00
00
00
00
00
00
00
00
00
00
00
00
00
00
00
00
00
00
00
00
00
00
00
00
00
00
00
00
00
00
00
00
00
00
00
00
00
00
00
00
00
00
00
00
00
00
00
00
00
00
00
00
00
00
00
00
00
00
00
00
00
00
00
00
00
00
00
0b
00
00
00
07
00
00
00
02
00
00
00
00
00
00
00
a8
02
00
00
00
00
00
00
a8
02
00
00
00
00
00
00
20
00
00
00
00
00
00
00
00
00
00
00
00
00
00
00
08
00
00
00
00
00
00
00
00
00
00
00
00
00
00
00
1e
00
00
00
07
00
00
00
02
00
00
00
00
00
00
00
c8
02
00
00
00
00
00
00
c8
02
00
00
00
00
00
00
24
00
00
00
00
00
00
00
00
00
00
00
00
00
00
00
04
00
00
00
00
00
00
00
00
00
00
00
00
00
00
00
31
00
00
00
f6
ff
ff
6f
02
00
00
00
00
00
00
00
f0
02
00
00
00
00
00
00
f0
02
00
00
00
00
00
00
44
05
00
00
00
00
00
00
04
00
00
00
00
00
00
00
08
00
00
00
00
00
00
00
00
00
00
00
00
00
00
00
3b
00
00
00
0b
00
00
00
02
00
00
00
00
00
00
00
38
08
00
00
00
00
00
00
38
08
00
00
00
00
00
00
e8
11
00
00
00
00
00
00
05
00
00
00
01
00
00
00
08
00
00
00
00
00
00
00
18
00
00
00
00
00
00
00
43
00
00
00
03
00
00
00
02
00
00
00
00
00
00
00
20
1a
00
00
00
00
00
00
20
1a
00
00
00
00
00
00
a3
09
00
00
00
00
00
00
00
00
00
00
00
00
00
00
01
00
00
00
00
00
00
00
00
00
00
00
00
00
00
00
4b
00
00
00
ff
ff
ff
6f
02
00
00
00
00
00
00
00
c4
23
00
00
00
00
00
00
c4
23
00
00
00
00
00
00
7e
01
00
00
00
00
00
00
04
00
00
00
00
00
00
00
02
00
00
00
00
00
00
00
02
00
00
00
00
00
00
00
58
00
00
00
fd
ff
ff
6f
02
00
00
00
00
00
00
00
48
25
00
00
00
00
00
00
48
25
00
00
00
00
00
00
e8
01
00
00
00
00
00
00
05
00
00
00
0e
00
00
00
08
00
00
00
00
00
00
00
00
00
00
00
00
00
00
00
67
00
00
00
fe
ff
ff
6f
02
00
00
00
00
00
00
00
30
27
00
00
00
00
00
00
30
27
00
00
00
00
00
00
50
00
00
00
00
00
00
00
05
00
00
00
01
00
00
00
08
00
00
00
00
00
00
00
00
00
00
00
00
00
00
00
76
00
00
00
04
00
00
00
02
00
00
00
00
00
00
00
80
27
00
00
00
00
00
00
80
27
00
00
00
00
00
00
f0
00
00
00
00
00
00
00
04
00
00
00
00
00
00
00
08
00
00
00
00
00
00
00
18
00
00
00
00
00
00
00
80
00
00
00
04
00
00
00
42
00
00
00
00
00
00
00
70
28
00
00
00
00
00
00
70
28
00
00
00
00
00
00
98
04
00
00
00
00
00
00
04
00
00
00
18
00
00
00
08
00
00
00
00
00
00
00
18
00
00
00
00
00
00
00
8a
00
00
00
01
00
00
00
06
00
00
00
00
00
00
00
00
30
00
00
00
00
00
00
00
30
00
00
00
00
00
00
1b
00
00
00
00
00
00
00
00
00
00
00
00
00
00
00
04
00
00
00
00
00
00
00
00
00
00
00
00
00
00
00
85
00
00
00
01
00
00
00
06
00
00
00
00
00
00
00
20
30
00
00
00
00
00
00
20
30
00
00
00
00
00
00
20
03
00
00
00
00
00
00
00
00
00
00
00
00
00
00
10
00
00
00
00
00
00
00
10
00
00
00
00
00
00
00
90
00
00
00
01
00
00
00
06
00
00
00
00
00
00
00
40
33
00
00
00
00
00
00
40
33
00
00
00
00
00
00
10
00
00
00
00
00
00
00
00
00
00
00
00
00
00
00
10
00
00
00
00
00
00
00
10
00
00
00
00
00
00
00
99
00
00
00
01
00
00
00
06
00
00
00
00
00
00
00
50
33
00
00
00
00
00
00
50
33
00
00
00
00
00
00
10
03
00
00
00
00
00
00
00
00
00
00
00
00
00
00
10
00
00
00
00
00
00
00
10
00
00
00
00
00
00
00
a2
00
00
00
01
00
00
00
06
00
00
00
00
00
00
00
60
36
00
00
00
00
00
00
60
36
00
00
00
00
00
00
a5
61
01
00
00
00
00
00
00
00
00
00
00
00
00
00
10
00
00
00
00
00
00
00
00
00
00
00
00
00
00
00
a8
00
00
00
01
00
00
00
06
00
00
00
00
00
00
00
08
98
01
00
00
00
00
00
08
98
01
00
00
00
00
00
0d
00
00
00
00
00
00
00
00
00
00
00
00
00
00
00
04
00
00
00
00
00
00
00
00
00
00
00
00
00
00
00
ae
00
00
00
01
00
00
00
02
00
00
00
00
00
00
00
00
a0
01
00
00
00
00
00
00
a0
01
00
00
00
00
00
ec
0a
00
00
00
00
00
00
00
00
00
00
00
00
00
00
20
00
00
00
00
00
00
00
00
00
00
00
00
00
00
00
b6
00
00
00
01
00
00
00
02
00
00
00
00
00
00
00
ec
aa
01
00
00
00
00
00
ec
aa
01
00
00
00
00
00
b4
06
00
00
00
00
00
00
00
00
00
00
00
00
00
00
04
00
00
00
00
00
00
00
00
00
00
00
00
00
00
00
c4
00
00
00
01
00
00
00
02
00
00
00
00
00
00
00
a0
b1
01
00
00
00
00
00
a0
b1
01
00
00
00
00
00
24
21
00
00
00
00
00
00
00
00
00
00
00
00
00
00
08
00
00
00
00
00
00
00
00
00
00
00
00
00
00
00
ce
00
00
00
0e
00
00
00
03
00
00
00
00
00
00
00
c8
ed
01
00
00
00
00
00
c8
dd
01
00
00
00
00
00
10
00
00
00
00
00
00
00
00
00
00
00
00
00
00
00
08
00
00
00
00
00
00
00
08
00
00
00
00
00
00
00
da
00
00
00
0f
00
00
00
03
00
00
00
00
00
00
00
d8
ed
01
00
00
00
00
00
d8
dd
01
00
00
00
00
00
08
00
00
00
00
00
00
00
00
00
00
00
00
00
00
00
08
00
00
00
00
00
00
00
08
00
00
00
00
00
00
00
e6
00
00
00
06
00
00
00
03
00
00
00
00
00
00
00
e0
ed
01
00
00
00
00
00
e0
dd
01
00
00
00
00
00
f0
01
00
00
00
00
00
00
05
00
00
00
00
00
00
00
08
00
00
00
00
00
00
00
10
00
00
00
00
00
00
00
94
00
00
00
01
00
00
00
03
00
00
00
00
00
00
00
d0
ef
01
00
00
00
00
00
d0
df
01
00
00
00
00
00
30
00
00
00
00
00
00
00
00
00
00
00
00
00
00
00
08
00
00
00
00
00
00
00
08
00
00
00
00
00
00
00
ef
00
00
00
01
00
00
00
03
00
00
00
00
00
00
00
00
f0
01
00
00
00
00
00
00
e0
01
00
00
00
00
00
a0
01
00
00
00
00
00
00
00
00
00
00
00
00
00
00
08
00
00
00
00
00
00
00
08
00
00
00
00
00
00
00
f8
00
00
00
01
00
00
00
03
00
00
00
00
00
00
00
a0
f1
01
00
00
00
00
00
a0
e1
01
00
00
00
00
00
08
00
00
00
00
00
00
00
00
00
00
00
00
00
00
00
08
00
00
00
00
00
00
00
00
00
00
00
00
00
00
00
fe
00
00
00
08
00
00
00
03
00
00
00
00
00
00
00
c0
f1
01
00
00
00
00
00
a8
e1
01
00
00
00
00
00
28
01
00
00
00
00
00
00
00
00
00
00
00
00
00
00
20
00
00
00
00
00
00
00
00
00
00
00
00
00
00
00
03
01
00
00
01
00
00
00
00
00
00
00
00
00
00
00
00
00
00
00
00
00
00
00
a8
e1
01
00
00
00
00
00
34
00
00
00
00
00
00
00
00
00
00
00
00
00
00
00
04
00
00
00
00
00
00
00
00
00
00
00
00
00
00
00
01
00
00
00
03
00
00
00
00
00
00
00
00
00
00
00
00
00
00
00
00
00
00
00
dc
e1
01
00
00
00
00
00
12
01
00
00
00
00
00
00
00
00
00
00
00
00
00
00
01
00
00
00
00
00
00
00
00
00
00
00
00
00
00
00
00
00
00
00
00
00
00
00
00
00
00
00
00
00
00
00
00
00
00
00
00
00
00
00
00
00
00
00
00
00
00
00
00
00
00
00
00
00
00
00
00
00
00
00
00
00
00
00
00
00
00
00
00
00
00
00
00
00
00
00
00
00
00
00
00
00
00
00
00
00
00
00
00
00
00
00
00
00
00
00
00
00
00
00
00
00
00
00
00
00
00
00
00
00
00
00
00
00
00
00
00
00
00
00
00
00
00
00
00
00
00
00
00
00
00
00
00
00
00
00
00
00
00
00
00
00
00
00
00
00
00
00
00
00
00
00
00
00
00
00
00
00
00
00
00
00
00
00
00
00
00
00
00
00
00
00
00
00
00
00
00
00
00
00
00
00
00
00
00
00
00
00
00
00
00
00
00
00
00
00
00
00
00
00
00
00
00
00
00
00
00
00
00
00
00
00
00
00
00
00
00
00
00
00
00
00
00
00
00
00
00
00
00
00
00
00
00
00
00
00
00
00
00
00
00
00
00
00
00
00
00
00
00
00
00
00
00
00
00
00
00
00
00
00
00
00
00
00
00
00
00
00
00
00
00
00
00
00
00
00
00
00
00
00
00
00
00
00
00
00
00
00
00
00
00
00
00
00
00
00
00
00
00
00
00
00
00
00
00
00
00
00
00
00
00
00
00
00
00
00
00
00
00
00
00
00
00
00
00
00
00
00
00
00
00
00
00
00
00
00
00
00
00
00
00
00
00
00
00
00
00
00
00
00
00
00
00
00
00
00
00
00
00
00
00
00
00
00
00
00
00
00
00
00
00
00
00
00
00
00
00
00
00
00
00
00
00
00
00
00
00
00
00
00
00
00
00
00
00
00
00
00
00
00
00
00
00
00
00
00
00
00
00
00
00
00
00
00
00
00
00
00
00
00
00
00
00
00
00
00
00
00
00
00
00
00
00
00
00
00
00
00
00
00
00
00
00
00
00
00
00
00
00
00
00
00
00
00
00
00
00
00
00
00
00
00
00
00
00
00
00
00
00
00
00
00
00
00
00
00
00
00
00
00
00
00
00
00
00
00
00
00
00
00
00
00
00
00
00
00
00
00
00
00
00
00
00
00
00
00
00
00
00
00
00
00
00
00
00
00
00
00
00
00
00
00
00
00
00
00
00
00
00
00
00
00
00
00
00
00
00
00
00
00
00
00
00
00
00
00
00
00
00
00
00
00
00
00
00
00
00
00
00
00
00
00
00
00
00
00
00
00
00
00
00
00
00
00
00
00
00
00
00
00
00
00
00
00
00
00
00
00
00
00
00
00
00
00
00
00
00
00
00
00
00
00
00
00
00
00
00
00
00
00
00
00
00
00
00
00
00
00
00
00
00
00
00
00
00
00
00
00
00
00
00
00
00
00
00
00
00
00
00
00
00
00
00
00
00
00
00
00
00
00
00
00
00
00
00
00
00
00
00
00
00
00
00
00
00
00
00
00
00
00
00
00
00
00
00
00
00
00
00
00
00
00
00
00
00
00
00
00
00
00
00
00
00
00
00
00
00
00
00
00
00
00
00
00
00
00
00
00
00
00
00
00
00
00
00
00
00
00
00
00
00
00
00
00
00
00
00
00
00
00
00
00
00
00
00
00
00
00
00
00
00
00
00
00
00
00
00
00
00
00
00
00
00
00
00
00
00
00
00
00
00
00
00
00
00
00
00
00
00
00
00
00
00
00
00
00
00
00
00
00
00
00
00
00
00
00
00
00
00
00
00
00
00
00
00
00
00
00
00
00
00
00
00
00
00
00
00
00
00
00
00
00
00
00
00
00
00
00
00
00
00
00
00
00
00
00
00
00
00
00
00
00
00
00
00
00
00
00
00
00
00
00
00
00
00
00
00
00
00
00
00
00
00
00
00
00
00
00
00
00
00
00
00
00
00
00
00
00
00
00
00
00
00
00
00
00
00
00
00
00
00
00
00
00
00
00
00
00
00
00
00
00
00
00
00
00
00
00
00
00
00
00
00
00
00
00
00
00
00
00
00
00
00
00
00
00
00
00
00
00
00
00
00
00
00
00
00
00
00
00
00
00
00
00
00
00
00
00
00
00
00
00
00
00
00
00
00
00
00
00
00
00
00
00
00
00
00
00
00
00
00
00
00
00
00
00
00
00
00
00
00
00
00
00
00
00
00
00
00
00
00
00
00
00
00
00
00
00
00
00
00
00
00
00
00
00
00
00
00
00
00
00
00
00
00
00
00
00
00
00
00
00
00
00
00
00
00
00
00
00
00
00
00
00
00
00
00
00
00
00
00
00
00
00
00
00
00
00
00
00
00
00
00
00
00
00
00
00
00
00
00
00
00
00
00
00
00
00
00
00
00
00
00
00
00
00
00
00
00
00
00
00
00
00
00
00
00
00
00
00
00
00
00
00
00
00
00
00
00
00
00
00
00
00
00
00
00
00
00
00
00
00
00
00
00
00
00
00
00
00
00
00
00
00
00
00
00
00
00
00
00
00
00
00
00
00
00
00
00
00
00
00
00
00
00
00
00
00
00
00
00
00
00
00
00
00
00
00
00
00
00
00
00
00
00
00
00
00
00
00
00
00
00
00
00
00
00
00
00
00
00
00
00
00
00
00
00
00
00
00
00
00
00
00
00
00
00
00
00
00
00
00
00
00
00
00
00
00
00
00
00
00
00
00
00
00
00
00
00
00
00
00
00
00
00
00
00
00
00
00
00
00
00
00
00
00
00
00
00
00
00
00
00
00
00
00
00
00
00
00
00
00
00
00
00
00
00
00
00
00
00
00
00
00
00
00
00
00
00
00
00
00
00
00
00
00
00
00
00
00
00
00
00
00
00
00
00
00
00
00
00
00
00
00
00
00
00
00
00
00
00
00
00
00
00
00
00
00
00
00
00
00
00
00
00
00
00
00
00
00
00
00
00
00
00
00
00
00
00
00
00
00
00
00
00
00
00
00
00
00
00
00
00
00
00
00
00
00
00
00
00
00
00
00
00
00
00
00
00
00
00
00
00
00
00
00
00
00
00
00
00
00
00
00
00
00
00
00
00
00
00
00
00
00
00
00
00
00
00
00
00
00
00
00
00
00
00
00
00
00
00
00
00
00
00
00
00
00
00
00
00
00
00
00
00
00
00
00
00
00
00
00
00
00
00
00
00
00
00
00
00
00
00
00
00
00
00
00
00
00
00
00
00
00
00
00
00
00
00
00
00
00
00
00
00
00
00
00
00
00
00
00
00
00
00
00
00
00
00
00
00
00
00
00
00
00
00
00
00
00
00
00
00
00
00
00
00
00
00
00
00
00
00
00
00
00
00
00
00
00
00
00
00
00
00
00
00
00
00
00
00
00
00
00
