8c
02
41
0e
18
86
03
41
0e
20
83
04
02
79
0a
0e
18
41
0e
10
42
0e
08
44
0b
02
4e
0a
0e
18
41
0e
10
42
0e
08
47
0b
00
00
10
00
00
00
8c
1e
00
00
70
bc
ff
ff
09
00
00
00
00
00
00
00
14
00
00
00
a0
1e
00
00
6c
bc
ff
ff
25
00
00
00
00
54
0e
10
49
0e
08
00
4c
00
00
00
b8
1e
00
00
84
bc
ff
ff
ec
03
00
00
00
46
0e
10
8f
02
42
0e
18
8e
03
42
0e
20
8d
04
42
0e
28
8c
05
44
0e
30
86
06
44
0e
38
83
07
47
0e
f0
01
03
1f
01
0a
0e
38
44
0e
30
41
0e
28
42
0e
20
42
0e
18
42
0e
10
42
0e
08
41
0b
00
00
00
20
00
00
00
08
1f
00
00
4c
66
fe
ff
05
00
00
00
00
0e
f0
01
83
07
86
06
8c
05
8d
04
8e
03
8f
02
00
00
00
00
10
00
00
00
2c
1f
00
00
00
c0
ff
ff
55
00
00
00
00
00
00
00
10
00
00
00
40
1f
00
00
19
66
fe
ff
06
00
00
00
00
41
0e
10
10
00
00
00
54
1f
00
00
38
c0
ff
ff
42
01
00
00
00
00
00
00
10
00
00
00
68
1f
00
00
f7
65
fe
ff
06
00
00
00
00
41
0e
10
60
00
00
00
7c
1f
00
00
60
c1
ff
ff
af
02
00
00
00
46
0e
10
8f
02
42
0e
18
8e
03
42
0e
20
8d
04
42
0e
28
8c
05
41
0e
30
86
06
41
0e
38
83
07
44
0e
b0
01
5b
0a
0e
38
46
0e
30
41
0e
28
42
0e
20
42
0e
18
42
0e
10
42
0e
08
44
0b
49
0a
0e
38
41
0e
30
41
0e
28
42
0e
20
42
0e
18
42
0e
10
42
0e
08
45
0b
00
20
00
00
00
e0
1f
00
00
85
65
fe
ff
05
00
00
00
00
0e
b0
01
83
07
86
06
8c
05
8d
04
8e
03
8f
02
00
00
00
00
14
00
00
00
04
20
00
00
88
c3
ff
ff
28
00
00
00
00
48
0e
10
5f
0e
08
00
10
00
00
00
1c
20
00
00
4e
65
fe
ff
05
00
00
00
00
0e
10
00
28
00
00
00
30
20
00
00
8c
c3
ff
ff
40
00
00
00
00
46
0e
10
8c
02
41
0e
18
86
03
44
0e
20
83
04
6a
0e
18
44
0e
10
42
0e
08
00
00
00
34
00
00
00
5c
20
00
00
a0
c3
ff
ff
93
00
00
00
00
42
0e
10
8c
02
41
0e
18
86
03
41
0e
20
83
04
7f
0a
0e
18
41
0e
10
45
0e
08
47
0b
79
0e
18
41
0e
10
45
0e
08
00
00
00
18
00
00
00
94
20
00
00
db
64
fe
ff
05
00
00
00
00
0e
20
83
04
86
03
8c
02
00
00
00
3c
00
00
00
b0
20
00
00
ec
c3
ff
ff
84
01
00
00
00
4e
0e
10
8e
02
42
0e
18
8d
03
42
0e
20
8c
04
44
0e
28
86
05
41
0e
30
83
06
02
41
0a
0e
28
41
0e
20
42
0e
18
42
0e
10
42
0e
08
41
0b
00
00
00
1c
00
00
00
f0
20
00
00
84
64
fe
ff
05
00
00
00
00
0e
30
83
06
86
05
8c
04
8d
03
8e
02
00
00
00
10
00
00
00
10
21
00
00
1c
c5
ff
ff
35
00
00
00
00
00
00
00
00
00
00
00
00
00
00
00
00
00
00
00
00
00
00
00
00
00
00
00
00
00
00
00
00
00
00
00
00
00
00
00
00
00
00
00
00
00
00
00
00
00
00
00
00
00
00
00
00
00
00
00
00
00
00
00
00
00
00
00
00
00
00
00
00
00
00
00
00
00
00
00
00
00
00
00
00
00
00
00
00
00
00
00
00
00
00
00
00
00
00
00
00
00
00
00
00
00
00
00
00
00
00
00
00
00
00
00
00
00
00
00
00
00
00
00
00
00
00
00
00
00
00
00
00
00
00
00
00
00
00
00
00
00
00
00
00
00
00
00
00
00
00
00
00
00
00
00
00
00
00
00
00
00
00
00
00
00
00
00
00
00
00
00
00
00
00
00
00
00
00
00
00
00
00
00
00
00
00
00
00
00
00
00
00
00
00
00
00
00
00
00
00
00
00
00
00
00
00
00
00
00
00
00
00
00
00
00
00
00
00
00
00
00
00
00
00
00
00
00
00
00
00
00
00
00
00
00
00
00
00
00
00
00
00
00
00
00
00
00
00
00
00
00
00
00
00
00
00
00
00
00
00
00
00
00
00
00
00
00
00
00
00
00
00
00
00
00
00
00
00
00
00
00
00
00
00
00
00
00
00
00
00
00
00
00
00
00
00
00
00
00
00
00
00
00
00
00
00
00
00
00
00
00
00
00
00
00
00
00
00
00
00
00
00
00
00
00
00
00
00
00
00
00
00
00
00
00
00
00
00
00
00
00
00
00
00
00
00
00
00
00
00
00
00
00
00
00
00
00
00
00
00
00
00
00
00
00
00
00
00
00
00
00
00
00
00
00
00
00
00
00
00
00
00
00
00
00
00
00
00
00
00
00
00
00
00
00
00
00
00
00
00
00
00
00
00
00
00
00
00
00
00
00
00
00
00
00
00
00
00
00
00
00
00
00
00
00
00
00
00
00
00
00
00
00
00
00
00
00
00
00
00
00
00
00
00
00
00
00
00
00
00
00
00
00
00
00
00
00
00
00
00
00
00
00
00
00
00
00
00
00
00
00
00
00
00
00
00
00
00
00
00
00
00
00
00
00
00
00
00
00
00
00
00
00
00
00
00
00
00
00
00
00
00
00
00
00
00
00
00
00
00
00
00
00
00
00
00
00
00
00
00
00
00
00
00
00
00
00
00
00
00
00
00
00
00
00
00
00
00
00
00
00
00
00
00
00
00
00
00
00
00
00
00
00
00
00
00
00
00
00
00
00
00
00
00
00
00
00
00
00
00
00
00
00
00
00
00
00
00
00
00
00
00
00
00
00
00
00
00
00
00
00
00
00
00
00
00
00
00
00
00
00
00
00
00
00
00
00
00
00
00
00
00
00
00
00
00
00
00
00
00
00
00
00
00
00
00
00
00
00
00
00
00
00
00
00
00
00
00
00
00
00
00
00
00
00
00
00
00
00
00
00
00
00
00
00
00
00
00
00
00
00
00
00
00
00
00
00
00
00
00
00
00
00
00
00
00
00
00
00
00
00
00
00
00
00
00
00
00
00
00
00
00
00
00
00
00
00
00
00
00
00
00
00
00
00
00
00
00
00
00
00
00
00
00
00
00
00
00
00
00
00
00
00
00
00
00
00
00
00
00
00
00
00
00
00
00
00
00
00
00
00
00
00
00
00
00
00
00
00
00
00
00
00
00
00
00
00
00
00
00
00
00
00
00
00
00
00
00
00
00
00
00
00
00
00
00
00
00
00
00
00
00
00
00
00
00
00
00
00
00
00
00
00
00
00
00
00
00
00
00
00
00
00
00
00
00
00
00
00
00
00
00
00
00
00
00
00
00
00
00
00
00
00
00
00
00
00
00
00
00
00
00
00
00
00
00
00
00
00
00
00
00
00
00
00
00
00
00
00
00
00
00
00
00
00
00
00
00
00
00
00
00
00
00
00
00
00
00
00
00
00
00
00
00
00
00
00
00
00
00
00
00
00
00
00
00
00
00
00
00
00
00
00
00
00
00
00
00
00
00
00
00
00
00
00
00
00
00
00
00
00
00
00
00
00
00
00
00
00
00
00
00
00
00
00
00
00
00
00
00
00
00
00
00
00
00
00
00
00
00
00
00
00
00
00
00
00
00
00
00
00
00
00
00
00
00
00
00
00
00
00
00
00
00
00
00
00
00
00
00
00
00
00
00
00
00
00
00
00
00
00
00
00
00
00
00
00
00
00
00
00
00
00
00
00
00
00
00
00
00
00
00
00
00
00
00
00
00
00
00
00
00
00
00
00
00
00
00
00
00
00
00
00
00
00
00
00
00
00
00
00
00
00
00
00
00
00
00
00
00
00
00
00
00
00
00
00
00
00
00
00
00
00
00
00
00
00
00
00
00
00
00
00
00
00
00
00
00
00
00
00
00
00
00
00
00
00
00
00
00
00
00
00
00
00
00
00
00
00
00
00
00
00
00
00
00
00
00
00
00
00
00
00
00
00
00
00
00
00
00
00
00
00
00
00
00
00
00
00
00
00
00
00
00
00
00
00
00
00
00
00
00
00
00
00
00
00
00
00
00
00
00
00
00
00
00
00
00
00
00
00
00
00
00
00
00
00
00
00
00
00
00
00
00
00
00
00
00
00
00
00
00
00
00
00
00
00
00
00
00
00
00
00
00
00
00
00
00
00
00
00
00
00
00
00
00
00
00
00
00
00
00
00
00
00
00
00
00
00
00
00
00
00
00
00
00
00
00
00
00
00
00
00
00
00
00
00
00
00
00
00
00
00
00
00
00
00
00
00
00
00
00
00
00
00
00
00
00
00
00
00
00
00
00
00
00
00
00
00
00
00
00
00
00
00
00
00
00
00
00
00
00
00
00
00
00
00
00
00
00
00
00
00
00
00
00
00
00
00
00
00
00
00
00
00
00
00
00
00
00
00
00
00
00
00
00
00
00
00
00
00
00
00
00
00
00
00
00
00
00
00
00
00
00
00
00
00
00
00
00
00
00
00
00
00
00
00
00
00
00
00
00
00
00
00
00
00
00
00
00
00
00
00
00
00
00
00
00
00
00
00
00
00
00
00
00
00
00
00
00
00
00
00
00
00
00
00
00
00
00
00
00
00
00
00
00
00
00
00
00
00
00
00
00
00
00
00
00
00
00
00
00
00
00
00
00
00
00
00
00
00
00
00
00
00
00
00
00
00
00
00
00
00
00
00
00
00
00
00
00
00
00
00
00
00
00
00
00
00
00
00
00
00
00
00
00
00
00
00
00
00
00
00
00
00
00
00
00
00
00
00
00
00
00
00
00
00
00
00
00
00
00
00
00
00
00
00
00
00
00
00
00
00
00
00
00
00
00
00
00
00
00
00
00
00
00
00
00
00
00
00
00
00
00
00
00
00
00
00
00
00
00
00
00
00
00
00
00
00
00
00
00
00
00
00
00
00
00
00
00
00
00
00
00
00
00
00
00
00
00
00
00
00
00
00
00
00
00
00
00
00
00
00
00
00
00
00
00
00
00
00
00
00
00
00
00
00
00
00
00
00
00
00
00
00
00
00
00
00
00
00
00
00
00
00
00
00
00
00
00
00
00
00
00
00
00
00
00
00
00
00
00
00
00
00
00
00
00
00
00
00
00
00
00
00
00
00
00
00
00
00
00
00
00
00
00
00
00
00
00
00
00
00
00
00
00
00
00
00
00
00
00
00
00
00
00
00
00
00
00
00
00
00
00
00
00
00
00
00
00
00
00
00
00
00
00
00
00
00
00
00
00
00
00
00
00
00
00
00
00
00
00
00
00
00
00
00
00
00
00
00
00
00
00
00
00
00
00
00
00
00
00
00
00
00
00
00
00
00
00
00
00
00
00
00
00
00
00
00
00
00
00
00
00
00
00
00
00
00
00
00
00
00
00
00
00
00
00
00
00
00
00
00
00
00
00
00
00
00
00
00
00
00
00
00
00
00
00
00
00
00
00
00
00
00
00
00
00
00
00
00
00
00
00
00
00
00
00
00
00
00
00
00
00
00
00
00
00
00
00
00
00
00
00
00
00
00
00
00
00
00
00
00
00
00
00
00
00
00
00
00
00
00
00
00
00
00
00
00
00
00
00
00
00
00
00
00
00
00
00
00
00
00
00
00
00
00
00
00
00
00
00
00
00
00
00
00
00
00
00
00
00
00
00
00
00
00
00
00
00
00
00
00
00
00
00
00
00
00
00
00
00
00
00
00
00
00
00
00
00
00
00
00
00
00
00
00
00
00
00
00
00
00
00
00
00
00
00
00
00
00
00
00
00
00
00
00
00
00
00
00
00
00
00
00
00
00
00
00
00
00
00
00
00
00
00
00
00
00
00
00
00
00
00
00
00
00
00
00
00
00
00
00
00
00
00
00
00
00
00
00
00
00
00
00
00
00
00
00
00
00
00
00
00
00
00
00
00
00
00
00
00
00
00
00
00
00
00
00
00
00
00
00
00
00
00
00
00
00
00
00
00
00
00
00
00
00
00
00
00
00
00
00
00
00
00
00
00
00
00
00
00
00
00
00
00
00
00
00
00
00
00
00
00
00
00
00
00
00
00
00
00
00
00
00
00
00
00
00
00
00
00
00
00
00
00
00
00
00
00
00
00
00
00
00
00
00
00
00
00
00
00
00
00
00
00
00
00
00
00
00
00
00
00
00
00
00
00
00
00
00
00
00
00
00
00
00
00
00
00
00
00
00
00
00
00
00
00
00
00
00
00
00
00
00
00
00
00
00
00
00
00
00
00
00
00
00
00
00
00
00
00
00
00
00
00
00
00
00
00
00
00
00
00
00
00
00
00
00
00
00
00
00
00
00
00
00
00
00
00
00
00
00
00
00
00
00
00
00
00
00
00
00
00
00
00
00
00
00
00
00
00
00
00
00
00
00
00
00
00
00
00
00
00
00
00
00
00
00
00
00
00
00
00
00
00
00
00
00
00
00
00
00
00
00
00
00
00
00
00
00
00
00
00
00
00
00
00
00
00
00
00
00
00
00
00
00
00
00
00
00
00
00
00
00
00
00
00
00
00
00
00
00
00
00
00
00
00
00
00
00
00
00
00
00
00
00
00
00
00
00
00
00
00
00
00
00
00
00
00
00
00
00
00
00
00
00
00
00
00
00
00
00
00
00
00
00
00
00
00
00
00
00
00
00
00
00
00
00
00
00
00
00
00
00
00
00
00
00
00
00
00
00
00
00
00
00
00
00
00
00
00
00
00
00
00
00
00
00
00
00
00
00
00
00
00
00
00
00
00
00
00
00
00
00
00
00
00
00
00
00
00
00
00
00
00
00
00
00
00
00
00
00
00
00
00
00
00
00
00
00
00
00
00
00
00
00
00
00
00
00
00
00
00
00
00
00
00
00
00
00
00
00
00
00
00
00
00
00
00
00
00
00
00
00
00
00
00
00
00
00
00
00
00
00
00
00
00
00
00
00
00
00
00
00
00
00
00
00
00
00
00
00
00
00
00
00
00
00
00
00
00
00
00
00
00
00
00
00
00
00
00
00
00
00
00
00
00
00
00
00
00
00
00
00
00
00
00
00
00
00
00
00
00
00
00
00
00
00
00
00
00
00
00
00
00
00
00
00
00
00
00
00
00
00
00
00
00
00
00
00
00
00
00
00
00
00
00
00
00
00
00
00
00
00
00
00
00
00
00
00
00
00
00
00
00
00
00
00
00
00
00
00
00
00
00
00
00
00
00
00
00
00
00
00
00
00
00
00
00
00
00
00
00
00
00
00
00
00
00
00
00
00
00
00
00
00
00
00
00
00
00
00
00
00
00
00
00
00
00
00
00
00
00
00
00
00
00
00
00
00
00
00
00
00
00
00
00
00
00
00
00
00
00
00
00
00
00
00
00
00
00
00
00
00
00
00
00
00
00
00
00
00
00
00
00
00
00
00
00
00
00
00
00
00
00
00
00
00
00
00
00
00
00
00
00
00
00
00
00
00
00
00
00
00
00
00
00
00
00
00
00
00
00
00
00
00
00
00
00
00
00
00
00
00
00
00
00
00
00
00
00
00
00
00
00
00
00
00
00
00
00
00
00
00
00
00
00
00
00
00
00
00
00
00
00
00
00
00
00
00
00
00
00
00
00
00
00
00
00
00
00
00
00
00
00
00
00
00
00
00
00
00
00
00
00
00
00
00
00
00
00
00
00
00
00
00
00
00
00
00
00
00
00
00
00
00
00
00
00
00
00
00
00
00
00
00
00
00
00
00
00
00
00
00
00
00
00
00
00
00
00
00
00
00
00
00
00
00
00
00
00
00
00
00
00
00
00
00
00
00
00
00
00
00
00
00
00
00
00
00
00
00
00
00
00
00
00
00
00
00
00
00
00
00
00
00
00
00
00
00
20
a7
d8
1b
3c
7f
00
00
00
b6
d8
1b
3c
7f
00
00
c0
b5
d8
1b
3c
7f
00
00
01
00
00
00
00
00
00
00
e1
08
00
00
00
00
00
00
0e
00
00
00
00
00
00
00
eb
08
00
00
00
00
00
00
0c
00
00
00
00
00
00
00
00
30
00
00
00
00
00
00
0d
00
00
00
00
00
00
00
08
98
01
00
00
00
00
00
19
00
00
00
00
00
00
00
c8
ed
01
00
00
00
00
00
1b
00
00
00
00
00
00
00
10
00
00
00
00
00
00
00
1a
00
00
00
00
00
00
00
d8
ed
01
00
00
00
00
00
1c
00
00
00
00
00
00
00
08
00
00
00
00
00
00
00
f5
fe
ff
6f
00
00
00
00
f0
72
d8
1b
3c
7f
00
00
05
00
00
00
00
00
00
00
20
8a
d8
1b
3c
7f
00
00
06
00
00
00
00
00
00
00
38
78
d8
1b
3c
7f
00
00
0a
00
00
00
00
00
00
00
a3
09
00
00
00
00
00
00
0b
00
00
00
00
00
00
00
18
00
00
00
00
00
00
00
03
00
00
00
00
00
00
00
00
60
da
1b
3c
7f
00
00
02
00
00
00
00
00
00
00
98
04
00
00
00
00
00
00
14
00
00
00
00
00
00
00
07
00
00
00
00
00
00
00
17
00
00
00
00
00
00
00
70
98
d8
1b
3c
7f
00
00
07
00
00
00
00
00
00
00
80
97
d8
1b
3c
7f
00
00
08
00
00
00
00
00
00
00
f0
00
00
00
00
00
00
00
09
00
00
00
00
00
00
00
18
00
00
00
00
00
00
00
fc
ff
ff
6f
00
00
00
00
48
25
00
00
00
00
00
00
fd
ff
ff
6f
00
00
00
00
0e
00
00
00
00
00
00
00
fe
ff
ff
6f
00
00
00
00
30
27
00
00
00
00
00
00
ff
ff
ff
6f
00
00
00
00
01
00
00
00
00
00
00
00
f0
ff
ff
6f
00
00
00
00
c4
93
d8
1b
3c
7f
00
00
f9
ff
ff
6f
00
00
00
00
03
00
00
00
00
00
00
00
00
00
00
00
00
00
00
00
00
00
00
00
00
00
00
00
00
00
00
00
00
00
00
00
00
00
00
00
00
00
00
00
00
00
00
00
00
00
00
00
00
00
00
00
00
00
00
00
00
00
00
00
00
00
00
00
00
00
00
00
00
00
00
00
00
00
00
00
00
00
00
00
00
00
00
00
00
00
00
00
00
00
00
00
00
00
00
00
00
62
da
1b
3c
7f
00
00
d0
46
bf
1b
3c
7f
00
00
00
00
00
00
00
00
00
00
00
00
00
00
00
00
00
00
a0
39
ba
1b
3c
7f
00
00
