08
ee
01
00
00
00
00
00
80
f4
af
1b
3c
7f
00
00
30
ad
6b
20
3c
7f
00
00
30
80
9d
1b
3c
7f
00
00
40
80
9d
1b
3c
7f
00
00
50
80
9d
1b
3c
7f
00
00
60
80
9d
1b
3c
7f
00
00
70
80
9d
1b
3c
7f
00
00
80
80
9d
1b
3c
7f
00
00
90
80
9d
1b
3c
7f
00
00
50
50
9f
1b
3c
7f
00
00
00
00
00
00
00
00
00
00
64
30
35
39
66
31
61
66
38
30
64
35
35
33
63
38
65
37
31
37
30
64
34
32
65
63
35
39
61
31
2e
64
65
62
75
67
00
00
00
00
0e
69
35
93
00
2e
73
68
73
74
72
74
61
62
00
2e
6e
6f
74
65
2e
67
6e
75
2e
70
72
6f
70
65
72
74
79
00
2e
6e
6f
74
65
2e
67
6e
75
2e
62
75
69
6c
64
2d
69
64
00
2e
67
6e
75
2e
68
61
73
68
00
2e
64
79
6e
73
79
6d
00
2e
64
79
6e
73
74
72
00
2e
67
6e
75
2e
76
65
72
73
69
6f
6e
00
2e
67
6e
75
2e
76
65
72
73
69
6f
6e
5f
72
00
2e
72
65
6c
61
2e
64
79
6e
00
2e
72
65
6c
61
2e
70
6c
74
00
2e
69
6e
69
74
00
2e
70
6c
74
2e
67
6f
74
00
2e
70
6c
74
2e
73
65
63
00
2e
74
65
78
74
00
2e
66
69
6e
69
00
2e
72
6f
64
61
74
61
00
2e
65
68
5f
66
72
61
6d
65
5f
68
64
72
00
2e
65
68
5f
66
72
61
6d
65
00
2e
69
6e
69
74
5f
61
72
72
61
79
00
2e
66
69
6e
69
5f
61
72
72
61
79
00
2e
64
61
74
61
2e
72
65
6c
2e
72
6f
00
2e
64
79
6e
61
6d
69
63
00
2e
67
6f
74
2e
70
6c
74
00
2e
64
61
74
61
00
2e
62
73
73
00
2e
67
6e
75
5f
64
65
62
75
67
6c
69
6e
6b
00
00
00
00
00
00
00
00
00
00
00
00
00
00
00
00
00
00
00
00
00
00
00
00
00
00
00
00
00
00
00
00
00
00
00
00
00
00
00
00
00
00
00
00
00
00
00
00
00
00
00
00
00
00
00
00
00
00
00
00
00
00
00
00
00
00
00
00
00
0b
00
00
00
07
00
00
00
02
00
00
00
00
00
00
00
a8
02
00
00
00
00
00
00
a8
02
00
00
00
00
00
00
20
00
00
00
00
00
00
00
00
00
00
00
00
00
00
00
08
00
00
00
00
00
00
00
00
00
00
00
00
00
00
00
1e
00
00
00
07
00
00
00
02
00
00
00
00
00
00
00
c8
02
00
00
00
00
00
00
c8
02
00
00
00
00
00
00
24
00
00
00
00
00
00
00
00
00
00
00
00
00
00
00
04
00
00
00
00
00
00
00
00
00
00
00
00
00
00
00
31
00
00
00
f6
ff
ff
6f
02
00
00
00
00
00
00
00
f0
02
00
00
00
00
00
00
f0
02
00
00
00
00
00
00
98
03
00
00
00
00
00
00
04
00
00
00
00
00
00
00
08
00
00
00
00
00
00
00
00
00
00
00
00
00
00
00
3b
00
00
00
0b
00
00
00
02
00
00
00
00
00
00
00
88
06
00
00
00
00
00
00
88
06
00
00
00
00
00
00
38
0a
00
00
00
00
00
00
05
00
00
00
01
00
00
00
08
00
00
00
00
00
00
00
18
00
00
00
00
00
00
00
43
00
00
00
03
00
00
00
02
00
00
00
00
00
00
00
c0
10
00
00
00
00
00
00
c0
10
00
00
00
00
00
00
58
09
00
00
00
00
00
00
00
00
00
00
00
00
00
00
01
00
00
00
00
00
00
00
00
00
00
00
00
00
00
00
4b
00
00
00
ff
ff
ff
6f
02
00
00
00
00
00
00
00
18
1a
00
00
00
00
00
00
18
1a
00
00
00
00
00
00
da
00
00
00
00
00
00
00
04
00
00
00
00
00
00
00
02
00
00
00
00
00
00
00
02
00
00
00
00
00
00
00
58
00
00
00
fe
ff
ff
6f
02
00
00
00
00
00
00
00
f8
1a
00
00
00
00
00
00
f8
1a
00
00
00
00
00
00
40
00
00
00
00
00
00
00
05
00
00
00
01
00
00
00
08
00
00
00
00
00
00
00
00
00
00
00
00
00
00
00
67
00
00
00
04
00
00
00
02
00
00
00
00
00
00
00
38
1b
00
00
00
00
00
00
38
1b
00
00
00
00
00
00
a0
02
00
00
00
00
00
00
04
00
00
00
00
00
00
00
08
00
00
00
00
00
00
00
18
00
00
00
00
00
00
00
71
00
00
00
04
00
00
00
42
00
00
00
00
00
00
00
d8
1d
00
00
00
00
00
00
d8
1d
00
00
00
00
00
00
a8
00
00
00
00
00
00
00
04
00
00
00
18
00
00
00
08
00
00
00
00
00
00
00
18
00
00
00
00
00
00
00
7b
00
00
00
01
00
00
00
06
00
00
00
00
00
00
00
00
20
00
00
00
00
00
00
00
20
00
00
00
00
00
00
1b
00
00
00
00
00
00
00
00
00
00
00
00
00
00
00
04
00
00
00
00
00
00
00
00
00
00
00
00
00
00
00
76
00
00
00
01
00
00
00
06
00
00
00
00
00
00
00
20
20
00
00
00
00
00
00
20
20
00
00
00
00
00
00
80
00
00
00
00
00
00
00
00
00
00
00
00
00
00
00
10
00
00
00
00
00
00
00
10
00
00
00
00
00
00
00
81
00
00
00
01
00
00
00
06
00
00
00
00
00
00
00
a0
20
00
00
00
00
00
00
a0
20
00
00
00
00
00
00
10
00
00
00
00
00
00
00
00
00
00
00
00
00
00
00
10
00
00
00
00
00
00
00
10
00
00
00
00
00
00
00
8a
00
00
00
01
00
00
00
06
00
00
00
00
00
00
00
b0
20
00
00
00
00
00
00
b0
20
00
00
00
00
00
00
70
00
00
00
00
00
00
00
00
00
00
00
00
00
00
00
10
00
00
00
00
00
00
00
10
00
00
00
00
00
00
00
93
00
00
00
01
00
00
00
06
00
00
00
00
00
00
00
20
21
00
00
00
00
00
00
20
21
00
00
00
00
00
00
b1
89
01
00
00
00
00
00
00
00
00
00
00
00
00
00
10
00
00
00
00
00
00
00
00
00
00
00
00
00
00
00
99
00
00
00
01
00
00
00
06
00
00
00
00
00
00
00
d4
aa
01
00
00
00
00
00
d4
aa
01
00
00
00
00
00
0d
00
00
00
00
00
00
00
00
00
00
00
00
00
00
00
04
00
00
00
00
00
00
00
00
00
00
00
00
00
00
00
9f
00
00
00
01
00
00
00
02
00
00
00
00
00
00
00
00
b0
01
00
00
00
00
00
00
b0
01
00
00
00
00
00
bc
03
00
00
00
00
00
00
00
00
00
00
00
00
00
00
20
00
00
00
00
00
00
00
00
00
00
00
00
00
00
00
a7
00
00
00
01
00
00
00
02
00
00
00
00
00
00
00
bc
b3
01
00
00
00
00
00
bc
b3
01
00
00
00
00
00
f4
03
00
00
00
00
00
00
00
00
00
00
00
00
00
00
04
00
00
00
00
00
00
00
00
00
00
00
00
00
00
00
b5
00
00
00
01
00
00
00
02
00
00
00
00
00
00
00
b0
b7
01
00
00
00
00
00
b0
b7
01
00
00
00
00
00
20
17
00
00
00
00
00
00
00
00
00
00
00
00
00
00
08
00
00
00
00
00
00
00
00
00
00
00
00
00
00
00
bf
00
00
00
0e
00
00
00
03
00
00
00
00
00
00
00
50
ed
01
00
00
00
00
00
50
dd
01
00
00
00
00
00
08
00
00
00
00
00
00
00
00
00
00
00
00
00
00
00
08
00
00
00
00
00
00
00
08
00
00
00
00
00
00
00
cb
00
00
00
0f
00
00
00
03
00
00
00
00
00
00
00
58
ed
01
00
00
00
00
00
58
dd
01
00
00
00
00
00
08
00
00
00
00
00
00
00
00
00
00
00
00
00
00
00
08
00
00
00
00
00
00
00
08
00
00
00
00
00
00
00
d7
00
00
00
01
00
00
00
03
00
00
00
00
00
00
00
60
ed
01
00
00
00
00
00
60
dd
01
00
00
00
00
00
a8
00
00
00
00
00
00
00
00
00
00
00
00
00
00
00
20
00
00
00
00
00
00
00
00
00
00
00
00
00
00
00
e4
00
00
00
06
00
00
00
03
00
00
00
00
00
00
00
08
ee
01
00
00
00
00
00
08
de
01
00
00
00
00
00
d0
01
00
00
00
00
00
00
05
00
00
00
00
00
00
00
08
00
00
00
00
00
00
00
10
00
00
00
00
00
00
00
85
00
00
00
01
00
00
00
03
00
00
00
00
00
00
00
d8
ef
01
00
00
00
00
00
d8
df
01
00
00
00
00
00
20
00
00
00
00
00
00
00
00
00
00
00
00
00
00
00
08
00
00
00
00
00
00
00
08
00
00
00
00
00
00
00
ed
00
00
00
01
00
00
00
03
00
00
00
00
00
00
00
00
f0
01
00
00
00
00
00
00
e0
01
00
00
00
00
00
50
00
00
00
00
00
00
00
00
00
00
00
00
00
00
00
08
00
00
00
00
00
00
00
08
00
00
00
00
00
00
00
f6
00
00
00
01
00
00
00
03
00
00
00
00
00
00
00
50
f0
01
00
00
00
00
00
50
e0
01
00
00
00
00
00
08
00
00
00
00
00
00
00
00
00
00
00
00
00
00
00
08
00
00
00
00
00
00
00
00
00
00
00
00
00
00
00
fc
00
00
00
08
00
00
00
03
00
00
00
00
00
00
00
58
f0
01
00
00
00
00
00
58
e0
01
00
00
00
00
00
08
00
00
00
00
00
00
00
00
00
00
00
00
00
00
00
01
00
00
00
00
00
00
00
00
00
00
00
00
00
00
00
01
01
00
00
01
00
00
00
00
00
00
00
00
00
00
00
00
00
00
00
00
00
00
00
58
e0
01
00
00
00
00
00
34
00
00
00
00
00
00
00
00
00
00
00
00
00
00
00
04
00
00
00
00
00
00
00
00
00
00
00
00
00
00
00
01
00
00
00
03
00
00
00
00
00
00
00
00
00
00
00
00
00
00
00
00
00
00
00
8c
e0
01
00
00
00
00
00
10
01
00
00
00
00
00
00
00
00
00
00
00
00
00
00
01
00
00
00
00
00
00
00
00
00
00
00
00
00
00
00
00
00
00
00
00
00
00
00
00
00
00
00
00
00
00
00
00
00
00
00
00
00
00
00
00
00
00
00
00
00
00
00
00
00
00
00
00
00
00
00
00
00
00
00
00
00
00
00
00
00
00
00
00
00
00
00
00
00
00
00
00
00
00
00
00
00
00
00
00
00
00
00
00
00
00
00
00
00
00
00
00
00
00
00
00
00
00
00
00
00
00
00
00
00
00
00
00
00
00
00
00
00
00
00
00
00
00
00
00
00
00
00
00
00
00
00
00
00
00
00
00
00
00
00
00
00
00
00
00
00
00
00
00
00
00
00
00
00
00
00
00
00
00
00
00
00
00
00
00
00
00
00
00
00
00
00
00
00
00
00
00
00
00
00
00
00
00
00
00
00
00
00
00
00
00
00
00
00
00
00
00
00
00
00
00
00
00
00
00
00
00
00
00
00
00
00
00
00
00
00
00
00
00
00
00
00
00
00
00
00
00
00
00
00
00
00
00
00
00
00
00
00
00
00
00
00
00
00
00
00
00
00
00
00
00
00
00
00
00
00
00
00
00
00
00
00
00
00
00
00
00
00
00
00
00
00
00
00
00
00
00
00
00
00
00
00
00
00
00
00
00
00
00
00
00
00
00
00
00
00
00
00
00
00
00
00
00
00
00
00
00
00
00
00
00
00
00
00
00
00
00
00
00
00
00
00
00
00
00
00
00
00
00
00
00
00
00
00
00
00
00
00
00
00
00
00
00
00
00
00
00
00
00
00
00
00
00
00
00
00
00
00
00
00
00
00
00
00
00
00
00
00
00
00
00
00
00
00
00
00
00
00
00
00
00
00
00
00
00
00
00
00
00
00
00
00
00
00
00
00
00
00
00
00
00
00
00
00
00
00
00
00
00
00
00
00
00
00
00
00
00
00
00
00
00
00
00
00
00
00
00
00
00
00
00
00
00
00
00
00
00
00
00
00
00
00
00
00
00
00
00
00
00
00
00
00
00
00
00
00
00
00
00
00
00
00
00
00
00
00
00
00
00
00
00
00
00
00
00
00
00
00
00
00
00
00
00
00
00
00
00
00
00
00
00
00
00
00
00
00
00
00
00
00
00
00
00
00
00
00
00
00
00
00
00
00
00
00
00
00
00
00
00
00
00
00
00
00
00
00
00
00
00
00
00
00
00
00
00
00
00
00
00
00
00
00
00
00
00
00
00
00
00
00
00
00
00
00
00
00
00
00
00
00
00
00
00
00
00
00
00
00
00
00
00
00
00
00
00
00
00
00
00
00
00
00
00
00
00
00
00
00
00
00
00
00
00
00
00
00
00
00
00
00
00
00
00
00
00
00
00
00
00
00
00
00
00
00
00
00
00
00
00
00
00
00
00
00
00
00
00
00
00
00
00
00
00
00
00
00
00
00
00
00
00
00
00
00
00
00
00
00
00
00
00
00
00
00
00
00
00
00
00
00
00
00
00
00
00
00
00
00
00
00
00
00
00
00
00
00
00
00
00
00
00
00
00
00
00
00
00
00
00
00
00
00
00
00
00
00
00
00
00
00
00
00
00
00
00
00
00
00
00
00
00
00
00
00
00
00
00
00
00
00
00
00
00
00
00
00
00
00
00
00
00
00
00
00
00
00
00
00
00
00
00
00
00
00
00
00
00
00
00
00
00
00
00
00
00
00
00
00
00
00
00
00
00
00
00
00
00
00
00
00
00
00
00
00
00
00
00
00
00
00
00
00
00
00
00
00
00
00
00
00
00
00
00
00
00
00
00
00
00
00
00
00
00
00
00
00
00
00
00
00
00
00
00
00
00
00
00
00
00
00
00
00
00
00
00
00
00
00
00
00
00
00
00
00
00
00
00
00
00
00
00
00
00
00
00
00
00
00
00
00
00
00
00
00
00
00
00
00
00
00
00
00
00
00
00
00
00
00
00
00
00
00
00
00
00
00
00
00
00
00
00
00
00
00
00
00
00
00
00
00
00
00
00
00
00
00
00
00
00
00
00
00
00
00
00
00
00
00
00
00
00
00
00
00
00
00
00
00
00
00
00
00
00
00
00
00
00
00
00
00
00
00
00
00
00
00
00
00
00
00
00
00
00
00
00
00
00
00
00
00
00
00
00
00
00
00
00
00
00
00
00
00
00
00
00
00
00
00
00
00
00
00
00
00
00
00
00
00
00
00
00
00
00
00
00
00
00
00
00
00
00
00
00
00
00
00
00
00
00
00
00
00
00
00
00
00
00
00
00
00
00
00
00
00
00
00
00
00
00
00
00
00
00
00
00
00
00
00
00
00
00
00
00
00
00
00
00
00
00
00
00
00
00
00
00
00
00
00
00
00
00
00
00
00
00
00
00
00
00
00
00
00
00
00
00
00
00
00
00
00
00
00
00
00
00
00
00
00
00
00
00
00
00
00
00
00
00
00
00
00
00
00
00
00
00
00
00
00
00
00
00
00
00
00
00
00
00
00
00
00
00
00
00
00
00
00
00
00
00
00
00
00
00
00
00
00
00
00
00
00
00
00
00
00
00
00
00
00
00
00
00
00
00
00
00
00
00
00
00
00
00
00
00
00
00
00
00
00
00
00
00
00
00
00
00
00
00
00
00
00
00
00
00
00
00
00
00
00
00
00
00
00
00
00
00
00
00
00
00
00
00
00
00
00
00
00
00
00
00
00
00
00
00
00
00
00
00
00
00
00
00
00
00
00
00
00
00
00
00
00
00
00
00
00
00
00
00
00
00
00
00
00
00
00
00
00
00
00
00
00
00
00
00
00
00
00
00
00
00
00
00
00
00
00
00
00
00
00
00
00
00
00
00
00
00
00
00
00
00
00
00
00
00
00
00
00
00
00
00
00
00
00
00
00
00
00
00
00
00
00
00
00
00
00
00
00
00
00
00
00
00
00
00
00
00
00
00
00
00
00
00
00
00
00
00
00
00
00
00
00
00
00
00
00
00
00
00
00
00
00
00
00
00
00
00
00
00
00
00
00
00
00
00
00
00
00
00
00
00
00
00
00
00
00
00
00
00
00
00
00
00
00
00
00
00
00
00
00
00
00
00
00
00
00
00
00
00
00
00
00
00
00
00
00
00
00
00
00
00
00
00
00
00
00
00
00
00
00
00
00
00
00
00
00
00
00
00
00
00
00
00
00
00
00
00
00
00
00
00
00
00
00
00
00
00
00
00
00
00
00
00
00
00
00
00
00
00
00
00
00
00
00
00
00
00
00
00
00
00
00
00
00
00
00
00
00
00
00
00
00
00
00
00
00
00
00
00
00
00
00
00
00
00
00
00
00
00
00
00
00
00
00
00
00
00
00
00
00
00
00
00
00
00
00
00
00
00
00
00
00
00
00
00
00
00
00
00
00
00
00
00
00
00
00
00
00
00
00
00
00
00
00
00
00
00
00
00
00
00
00
00
00
00
00
00
00
00
00
00
00
00
00
00
00
00
00
00
00
00
00
00
00
00
00
00
00
00
00
00
00
00
00
00
00
00
00
00
00
00
00
00
00
00
00
00
00
00
00
00
00
00
00
00
00
00
00
00
00
00
00
00
00
00
00
00
00
00
00
00
00
00
00
00
00
00
00
00
00
00
00
00
00
00
00
00
00
00
00
00
00
00
00
00
00
00
00
00
00
00
00
00
00
00
00
00
00
00
00
00
00
00
00
00
00
00
00
00
00
00
00
00
00
00
00
00
00
00
00
00
00
00
00
00
00
00
00
00
00
00
00
00
00
00
00
00
00
00
00
00
00
00
00
00
00
00
00
00
00
00
00
00
00
00
00
00
00
00
00
00
00
00
00
00
00
00
00
00
00
00
00
00
00
00
00
00
00
00
00
00
00
00
00
00
00
00
00
00
00
00
00
00
00
00
00
00
00
00
00
00
00
00
00
00
00
00
00
00
00
00
00
00
00
00
00
00
00
00
00
00
00
00
00
00
00
00
00
00
00
00
00
00
00
00
00
00
00
00
00
00
00
00
00
00
00
00
00
00
00
00
00
00
00
00
00
00
00
00
00
00
00
00
00
00
00
00
00
00
00
00
00
00
00
00
00
00
00
00
00
00
00
00
00
00
00
00
00
00
00
00
00
00
00
00
00
00
00
00
00
00
00
