42
0e
18
42
0e
10
42
0e
08
45
0b
00
18
00
00
00
00
04
00
00
fc
98
ff
ff
31
00
00
00
00
51
0e
10
83
02
5f
0e
08
00
00
00
38
00
00
00
1c
04
00
00
20
99
ff
ff
b3
00
00
00
00
56
0e
10
86
02
45
0e
18
83
03
47
0e
20
02
73
0e
18
41
0e
10
41
0e
08
49
c3
c6
48
0e
20
83
03
86
02
48
0e
18
41
0e
10
41
0e
08
00
48
00
00
00
58
04
00
00
a4
99
ff
ff
7f
01
00
00
00
42
0e
10
8f
02
42
0e
18
8e
03
42
0e
20
8d
04
45
0e
28
8c
05
44
0e
30
86
06
47
0e
38
83
07
47
0e
50
03
57
01
0e
38
41
0e
30
41
0e
28
42
0e
20
42
0e
18
42
0e
10
42
0e
08
00
00
00
48
00
00
00
a4
04
00
00
d8
9a
ff
ff
13
0b
00
00
00
42
0e
10
8f
02
42
0e
18
8e
03
42
0e
20
8d
04
42
0e
28
8c
05
41
0e
30
86
06
41
0e
38
83
07
47
0e
50
02
a3
0a
0e
38
41
0e
30
41
0e
28
42
0e
20
42
0e
18
42
0e
10
42
0e
08
42
0b
00
48
00
00
00
f0
04
00
00
ac
a5
ff
ff
09
0d
00
00
00
42
0e
10
8f
02
42
0e
18
8e
03
42
0e
20
8d
04
46
0e
28
8c
05
41
0e
30
86
06
41
0e
38
83
07
47
0e
70
02
a7
0a
0e
38
41
0e
30
41
0e
28
42
0e
20
42
0e
18
42
0e
10
42
0e
08
4a
0b
00
10
00
00
00
3c
05
00
00
70
b2
ff
ff
6c
00
00
00
00
00
00
00
48
00
00
00
50
05
00
00
cc
b2
ff
ff
31
02
00
00
00
46
0e
10
8d
02
45
0e
18
8c
03
41
0e
20
86
04
41
0e
28
83
05
44
0e
30
03
c4
01
0a
0e
28
44
0e
20
41
0e
18
42
0e
10
42
0e
08
42
0b
02
44
0e
28
44
0e
20
44
0e
18
42
0e
10
42
0e
08
2c
00
00
00
9c
05
00
00
c0
b4
ff
ff
61
00
00
00
00
4b
0e
10
8c
02
41
0e
18
86
03
44
0e
20
83
04
02
43
c3
0e
18
41
c6
0e
10
42
cc
0e
08
00
00
00
64
00
00
00
cc
05
00
00
00
b5
ff
ff
e3
13
00
00
00
46
0e
10
8f
02
45
0e
18
8e
03
42
0e
20
8d
04
42
0e
28
8c
05
44
0e
30
86
06
44
0e
38
83
07
47
0e
80
01
02
fd
0a
0e
38
44
0e
30
41
0e
28
42
0e
20
42
0e
18
42
0e
10
42
0e
08
48
0b
02
98
0a
0e
38
43
0e
30
41
0e
28
42
0e
20
42
0e
18
42
0e
10
42
0e
08
41
0b
00
00
00
38
00
00
00
34
06
00
00
88
c8
ff
ff
8d
02
00
00
00
46
0e
10
8c
02
41
0e
18
86
03
41
0e
20
83
04
47
0e
a0
20
4c
0e
80
29
03
65
02
0a
0e
20
44
0e
18
41
0e
10
42
0e
08
41
0b
00
00
00
10
00
00
00
70
06
00
00
dc
ca
ff
ff
35
00
00
00
00
00
00
00
30
00
00
00
84
06
00
00
08
cb
ff
ff
cf
00
00
00
00
46
0e
10
8c
02
44
0e
18
86
03
41
0e
20
83
04
44
0e
40
02
a3
0a
0e
20
41
0e
18
41
0e
10
42
0e
08
4a
0b
00
10
00
00
00
b8
06
00
00
a4
cb
ff
ff
19
00
00
00
00
00
00
00
14
00
00
00
cc
06
00
00
b0
cb
ff
ff
26
00
00
00
00
54
0e
10
4e
0e
08
00
10
00
00
00
e4
06
00
00
c8
cb
ff
ff
08
00
00
00
00
00
00
00
10
00
00
00
f8
06
00
00
c4
cb
ff
ff
f8
01
00
00
00
00
00
00
10
00
00
00
0c
07
00
00
b0
cd
ff
ff
0a
00
00
00
00
00
00
00
00
00
00
00
00
00
00
00
00
00
00
00
00
00
00
00
00
00
00
00
00
00
00
00
00
00
00
00
00
00
00
00
00
00
00
00
00
00
00
00
00
00
00
00
00
00
00
00
00
00
00
00
00
00
00
00
00
00
00
00
00
00
00
00
00
00
00
00
00
00
00
00
00
00
00
00
00
00
00
00
00
00
00
00
00
00
00
00
00
00
00
00
00
00
00
00
00
00
00
00
00
00
00
00
00
00
00
00
00
00
00
00
00
00
00
00
00
00
00
00
00
00
00
00
00
00
00
00
00
00
00
00
00
00
00
00
00
00
00
00
00
00
00
00
00
00
00
00
00
00
00
00
00
00
00
00
00
00
00
00
00
00
00
00
00
00
00
00
00
00
00
00
00
00
00
00
00
00
00
00
00
00
00
00
00
00
00
00
00
00
00
00
00
00
00
00
00
00
00
00
00
00
00
00
00
00
00
00
00
00
00
00
00
00
00
00
00
00
00
00
00
00
00
00
00
00
00
00
00
00
00
00
00
00
00
00
00
00
00
00
00
00
00
00
00
00
00
00
00
00
00
00
00
00
00
00
00
00
00
00
00
00
00
00
00
00
00
00
00
00
00
00
00
00
00
00
00
00
00
00
00
00
00
00
00
00
00
00
00
00
00
00
00
00
00
00
00
00
00
00
00
00
00
00
00
00
00
00
00
00
00
00
00
00
00
00
00
00
00
00
00
00
00
00
00
00
00
00
00
00
00
00
00
00
00
00
00
00
00
00
00
00
00
00
00
00
00
00
00
00
00
00
00
00
00
00
00
00
00
00
00
00
00
00
00
00
00
00
00
00
00
00
00
00
00
00
00
00
00
00
00
00
00
00
00
00
00
00
00
00
00
00
00
00
00
00
00
00
00
00
00
00
00
00
00
00
00
00
00
00
00
00
00
00
00
00
00
00
00
00
00
00
00
00
00
00
00
00
00
00
00
00
00
00
00
00
00
00
00
00
00
00
00
00
00
00
00
00
00
00
00
00
00
00
00
00
00
00
00
00
00
00
00
00
00
00
00
00
00
00
00
00
00
00
00
00
00
00
00
00
00
00
00
00
00
00
00
00
00
00
00
00
00
00
00
00
00
00
00
00
00
00
00
00
00
00
00
00
00
00
00
00
00
00
00
00
00
00
00
00
00
00
00
00
00
00
00
00
00
00
00
00
00
00
00
00
00
00
00
00
00
00
00
00
00
00
00
00
00
00
00
00
00
00
00
00
00
00
00
00
00
00
00
00
00
00
00
00
00
00
00
00
00
00
00
00
00
00
00
00
00
00
00
00
00
00
00
00
00
00
00
00
00
00
00
00
00
00
00
00
00
00
00
00
00
00
00
00
00
00
00
00
00
00
00
00
00
00
00
00
00
00
00
00
00
00
00
00
00
00
00
00
00
00
00
00
00
00
00
00
00
00
00
00
00
00
00
00
00
00
00
00
00
00
00
00
00
00
00
00
00
00
00
00
00
00
00
00
00
00
00
00
00
00
00
00
00
00
00
00
00
00
00
00
00
00
00
00
00
00
00
00
00
00
00
00
00
00
00
00
00
00
00
00
00
00
00
00
00
00
00
00
00
00
00
00
00
00
00
00
00
00
00
00
00
00
00
00
00
00
00
00
00
00
00
00
00
00
00
00
00
00
00
00
00
00
00
00
00
00
00
00
00
00
00
00
00
00
00
00
00
00
00
00
00
00
00
00
00
00
00
00
00
00
00
00
00
00
00
00
00
00
00
00
00
00
00
00
00
00
00
00
00
00
00
00
00
00
00
00
00
00
00
00
00
00
00
00
00
00
00
00
00
00
00
00
00
00
00
00
00
00
00
00
00
00
00
00
00
00
00
00
00
00
00
00
00
00
00
00
00
00
00
00
00
00
00
00
00
00
00
00
00
00
00
00
00
00
00
00
00
00
00
00
00
00
00
00
00
00
00
00
00
00
00
00
00
00
00
00
00
00
00
00
00
00
00
00
00
00
00
00
00
00
00
00
00
00
00
00
00
00
00
00
00
00
00
00
00
00
00
00
00
00
00
00
00
00
00
00
00
00
00
00
00
00
00
00
00
00
00
00
00
00
00
00
00
00
00
00
00
00
00
00
00
00
00
00
00
00
00
00
00
00
00
00
00
00
00
00
00
00
00
00
00
00
00
00
00
00
00
00
00
00
00
00
00
00
00
00
00
00
00
00
00
00
00
00
00
00
00
00
00
00
00
00
00
00
00
00
00
00
00
00
00
00
00
00
00
00
00
00
00
00
00
00
00
00
00
00
00
00
00
00
00
00
00
00
00
00
00
00
00
00
00
00
00
00
00
00
00
00
00
00
00
00
00
00
00
00
00
00
00
00
00
00
00
00
00
00
00
00
00
00
00
00
00
00
00
00
00
00
00
00
00
00
00
00
00
00
00
00
00
00
00
00
00
00
00
00
00
00
00
00
00
00
00
00
00
00
00
00
00
00
00
00
00
00
00
00
00
00
00
00
00
00
00
00
00
00
00
00
00
00
00
00
00
00
00
00
00
00
00
00
00
00
00
00
00
00
00
00
00
00
00
00
00
00
00
00
00
00
00
00
00
00
00
00
00
00
00
00
00
00
00
00
00
00
00
00
00
00
00
00
00
00
00
00
00
00
00
00
00
00
00
00
00
00
00
00
00
00
00
00
00
00
00
00
00
00
00
00
00
00
00
00
00
00
00
00
00
00
00
00
00
00
00
00
00
00
00
00
00
00
00
00
00
00
00
00
00
00
00
00
00
00
00
00
00
00
00
00
00
00
00
00
00
00
00
00
00
00
00
00
00
00
00
00
00
00
00
00
00
00
00
00
00
00
00
00
00
00
00
00
00
00
00
00
00
00
00
00
00
00
00
00
00
00
00
00
00
00
00
00
00
00
00
00
00
00
00
00
00
00
00
00
00
00
00
00
00
00
00
00
00
00
00
00
00
00
00
00
00
00
00
00
00
00
00
00
00
00
00
00
00
00
00
00
00
00
00
00
00
00
00
00
00
00
00
00
00
00
00
00
00
00
00
00
00
00
00
00
00
00
00
00
00
00
00
00
00
00
00
00
00
00
00
00
00
00
00
00
00
00
00
00
00
00
00
00
00
00
00
00
00
00
00
00
00
00
00
00
00
00
00
00
00
00
00
00
00
00
00
00
00
00
00
00
00
00
00
00
00
00
00
00
00
00
00
00
00
00
00
00
00
00
00
00
00
00
00
00
00
00
00
00
00
00
00
00
00
00
00
00
00
00
00
00
00
00
00
00
00
00
00
00
00
00
00
00
00
00
00
00
00
00
00
00
00
00
00
00
00
00
00
00
00
00
00
00
00
00
00
00
00
00
00
00
00
00
00
00
00
00
00
00
00
00
00
00
00
00
00
00
00
00
00
00
00
00
00
00
00
00
00
00
00
00
00
00
00
00
00
00
00
00
00
00
00
00
00
00
00
00
00
00
00
00
00
00
00
00
00
00
00
00
00
00
00
00
00
00
00
00
00
00
00
00
00
00
00
00
00
00
00
00
00
00
00
00
00
00
00
00
00
00
00
00
00
00
00
00
00
00
00
00
00
00
00
00
00
00
00
00
00
00
00
00
00
00
00
00
00
00
00
00
00
00
00
00
00
00
00
00
00
00
00
00
00
00
00
00
00
00
00
00
00
00
00
00
00
00
00
00
00
00
00
00
00
00
00
00
00
00
00
00
00
00
00
00
00
00
00
00
00
00
00
00
00
00
00
00
00
00
00
00
00
00
00
00
00
00
00
00
00
00
00
00
00
00
00
00
00
00
00
00
00
00
00
00
00
00
00
00
00
00
00
00
00
00
00
00
00
00
00
00
00
00
00
00
00
00
00
00
00
00
00
00
00
00
00
00
00
00
00
00
00
00
00
00
00
00
00
00
00
00
00
00
00
00
00
00
00
00
00
00
00
00
00
00
00
00
00
00
00
00
00
00
00
00
00
00
00
00
00
00
00
00
00
00
00
00
00
00
00
00
00
00
00
00
00
00
00
00
00
00
00
00
00
00
00
00
00
00
00
00
00
00
00
00
00
00
00
00
00
00
00
00
00
00
00
00
00
00
00
00
00
00
00
00
00
00
00
00
00
00
00
00
00
00
00
00
00
00
00
00
00
00
00
00
00
00
00
00
00
00
00
00
00
00
00
00
00
00
00
00
00
00
00
00
00
00
00
00
00
00
00
00
00
00
00
00
00
00
00
00
00
00
00
00
00
00
00
00
00
00
00
00
00
00
00
00
00
00
00
00
00
00
00
00
00
00
00
00
00
00
00
00
00
00
00
00
00
00
00
00
00
00
00
00
00
00
00
00
00
00
00
00
00
00
00
00
00
00
00
00
00
00
00
00
00
00
00
00
00
00
00
00
00
00
00
00
00
00
00
00
00
00
00
00
00
00
00
00
00
00
00
00
00
00
00
00
00
00
00
00
00
00
00
00
00
00
00
00
00
00
00
00
00
00
00
00
00
00
00
00
00
00
00
00
00
00
00
00
00
00
00
00
00
00
00
00
00
00
00
00
00
00
00
00
00
00
00
00
00
00
00
00
00
00
00
00
00
00
00
00
00
00
00
00
00
00
00
00
00
00
00
00
00
00
00
00
00
00
00
00
00
00
00
00
00
00
00
00
00
00
00
00
00
00
00
00
00
00
00
00
00
00
00
00
00
00
00
00
00
00
00
00
00
00
00
00
00
00
00
00
00
00
00
00
00
00
00
00
00
00
00
00
00
00
00
00
00
00
00
00
00
00
00
00
00
00
00
00
00
00
00
00
00
00
00
00
00
00
00
00
00
00
00
00
00
00
00
00
00
00
00
00
00
00
00
00
00
00
00
00
00
00
00
00
00
00
00
00
00
00
00
00
00
00
00
00
00
00
00
00
00
00
00
00
00
00
00
00
00
00
00
00
00
00
00
00
00
00
00
00
00
00
00
00
00
00
00
00
00
00
00
00
00
00
00
00
00
00
00
00
00
00
00
00
00
00
00
00
00
00
00
00
00
00
00
00
00
00
00
00
00
00
00
00
00
00
00
00
00
00
00
00
00
00
00
00
00
00
00
00
00
00
00
00
00
00
00
00
00
00
00
00
00
00
00
00
00
00
00
00
00
00
00
00
00
00
00
00
00
00
00
00
00
00
00
00
00
00
00
00
00
00
00
00
00
00
00
00
00
00
00
00
00
00
00
00
00
00
00
00
00
00
00
00
00
00
00
00
00
00
00
00
00
00
00
00
00
00
00
00
00
00
00
00
00
00
00
00
00
00
00
00
00
00
00
00
00
00
00
00
00
00
00
00
00
00
00
00
00
00
00
00
00
00
00
00
00
00
00
00
00
00
00
00
00
00
00
00
00
00
00
00
00
00
00
00
00
00
00
00
00
00
00
00
00
00
00
00
00
00
00
00
00
00
00
00
00
00
00
00
00
00
00
00
00
00
00
00
00
00
00
00
00
00
00
00
00
00
00
00
00
00
00
00
00
00
00
00
00
00
00
00
00
00
00
00
00
00
00
00
00
00
00
00
00
00
00
00
00
00
00
00
00
00
00
00
00
00
00
00
00
00
00
00
00
00
00
00
00
00
00
00
00
00
00
00
00
00
00
00
00
00
00
00
00
00
00
00
00
00
00
00
00
00
00
00
00
00
00
00
00
00
00
00
00
00
00
00
00
00
00
00
00
00
00
00
00
00
00
00
00
00
00
00
00
00
00
00
00
00
00
00
00
00
00
00
00
00
00
00
00
00
00
00
00
00
00
00
00
00
00
00
00
00
00
00
00
00
00
00
00
00
00
00
00
00
00
00
00
00
00
00
00
00
00
00
00
00
00
00
00
00
00
00
00
00
00
00
00
00
00
00
00
00
00
00
00
00
00
00
00
00
00
00
00
00
00
00
00
00
00
00
00
00
00
00
00
00
00
00
00
00
00
00
00
00
00
00
00
00
00
00
00
00
00
00
00
00
00
00
00
00
00
00
00
00
00
00
00
00
00
00
00
00
00
00
00
00
00
00
00
00
00
00
00
00
00
00
00
00
00
00
00
00
00
00
00
00
00
00
00
00
20
a2
a0
1b
3c
7f
00
00
e0
a1
a0
1b
3c
7f
00
00
01
00
00
00
00
00
00
00
5a
02
00
00
00
00
00
00
01
00
00
00
00
00
00
00
6f
02
00
00
00
00
00
00
0e
00
00
00
00
00
00
00
79
02
00
00
00
00
00
00
0c
00
00
00
00
00
00
00
00
10
00
00
00
00
00
00
0d
00
00
00
00
00
00
00
dc
80
00
00
00
00
00
00
19
00
00
00
00
00
00
00
c0
cd
00
00
00
00
00
00
1b
00
00
00
00
00
00
00
08
00
00
00
00
00
00
00
1a
00
00
00
00
00
00
00
c8
cd
00
00
00
00
00
00
1c
00
00
00
00
00
00
00
08
00
00
00
00
00
00
00
f5
fe
ff
6f
00
00
00
00
f0
92
a0
1b
3c
7f
00
00
05
00
00
00
00
00
00
00
08
96
a0
1b
3c
7f
00
00
06
00
00
00
00
00
00
00
50
93
a0
1b
3c
7f
00
00
0a
00
00
00
00
00
00
00
e4
02
00
00
00
00
00
00
0b
00
00
00
00
00
00
00
18
00
00
00
00
00
00
00
03
00
00
00
00
00
00
00
00
60
a1
1b
3c
7f
00
00
02
00
00
00
00
00
00
00
c0
00
00
00
00
00
00
00
14
00
00
00
00
00
00
00
07
00
00
00
00
00
00
00
17
00
00
00
00
00
00
00
70
9a
a0
1b
3c
7f
00
00
07
00
00
00
00
00
00
00
68
99
a0
1b
3c
7f
00
00
08
00
00
00
00
00
00
00
08
01
00
00
00
00
00
00
09
00
00
00
00
00
00
00
18
00
00
00
00
00
00
00
fe
ff
ff
6f
00
00
00
00
28
09
00
00
00
00
00
00
ff
ff
ff
6f
00
00
00
00
01
00
00
00
00
00
00
00
f0
ff
ff
6f
00
00
00
00
ec
98
a0
1b
3c
7f
00
00
f9
ff
ff
6f
00
00
00
00
03
00
00
00
00
00
00
00
00
00
00
00
00
00
00
00
00
00
00
00
00
00
00
00
00
00
00
00
00
00
00
00
00
00
00
00
00
00
00
00
00
00
00
00
00
00
00
00
00
00
00
00
00
00
00
00
00
00
00
00
00
00
00
00
00
00
00
00
00
00
00
00
00
00
00
00
00
00
00
00
00
00
00
00
00
00
00
00
00
00
00
00
00
00
00
00
00
00
00
00
00
00
00
00
00
00
00
00
00
00
00
00
00
70
7d
1b
3c
7f
00
00
00
63
7d
1b
3c
7f
00
00
00
00
00
00
00
00
00
00
10
63
7d
1b
3c
7f
00
00
80
70
7d
1b
3c
7f
00
00
00
00
00
00
00
00
00
00
a0
39
ba
1b
3c
7f
00
00
