00
e0
9a
1b
3c
7f
00
00
90
fe
af
1b
3c
7f
00
00
f0
8d
9c
1b
3c
7f
00
00
10
a5
9c
1b
3c
7f
00
00
a0
f9
af
1b
3c
7f
00
00
00
a0
9c
1b
3c
7f
00
00
00
00
00
00
00
00
00
00
90
a4
9c
1b
3c
7f
00
00
00
00
00
00
00
00
00
00
f0
8d
9c
1b
3c
7f
00
00
d0
8e
9c
1b
3c
7f
00
00
c0
8e
9c
1b
3c
7f
00
00
00
00
00
00
00
00
00
00
80
8e
9c
1b
3c
7f
00
00
90
8e
9c
1b
3c
7f
00
00
00
8f
9c
1b
3c
7f
00
00
10
8f
9c
1b
3c
7f
00
00
20
8f
9c
1b
3c
7f
00
00
a0
8e
9c
1b
3c
7f
00
00
b0
8e
9c
1b
3c
7f
00
00
10
8e
9c
1b
3c
7f
00
00
20
8e
9c
1b
3c
7f
00
00
00
8e
9c
1b
3c
7f
00
00
00
00
00
00
00
00
00
00
00
00
00
00
00
00
00
00
00
00
00
00
00
00
00
00
00
00
00
00
00
00
00
00
00
00
00
00
00
00
00
00
e0
8e
9c
1b
3c
7f
00
00
00
00
00
00
00
00
00
00
00
00
00
00
00
00
00
00
f0
8e
9c
1b
3c
7f
00
00
00
00
00
00
00
00
00
00
30
8e
9c
1b
3c
7f
00
00
50
8e
9c
1b
3c
7f
00
00
40
8e
9c
1b
3c
7f
00
00
60
8e
9c
1b
3c
7f
00
00
00
00
00
00
00
00
00
00
00
00
00
00
00
00
00
00
00
00
00
00
00
00
00
00
00
00
00
00
00
00
00
00
00
00
00
00
00
00
00
00
00
00
00
00
00
00
00
00
60
8f
9c
1b
3c
7f
00
00
50
8f
9c
1b
3c
7f
00
00
40
8f
9c
1b
3c
7f
00
00
30
8f
9c
1b
3c
7f
00
00
00
00
00
00
00
00
00
00
00
00
00
00
00
00
00
00
80
8f
9c
1b
3c
7f
00
00
00
00
00
00
00
00
00
00
00
00
00
00
00
00
00
00
00
00
00
00
00
00
00
00
00
00
00
00
00
00
00
00
00
00
00
00
00
00
00
00
00
00
00
00
00
00
00
00
00
00
00
00
00
00
00
00
00
00
00
00
00
00
00
00
70
8f
9c
1b
3c
7f
00
00
00
00
00
00
00
00
00
00
00
00
00
00
00
00
00
00
00
00
00
00
00
00
00
00
00
00
00
00
00
00
00
00
00
00
00
00
00
00
00
00
00
00
00
00
00
00
00
00
00
00
00
00
00
00
00
00
00
00
00
00
00
00
00
00
00
00
00
00
00
00
00
00
00
00
00
00
00
00
00
00
00
00
00
00
00
00
00
00
00
00
00
00
00
00
00
00
00
00
00
00
00
00
00
00
00
00
00
00
00
00
00
00
00
00
00
00
00
00
00
00
00
00
00
00
00
00
00
00
00
00
00
00
00
00
00
00
00
00
00
00
00
00
00
00
00
00
00
00
00
00
00
00
00
00
00
00
00
00
00
00
00
00
00
00
00
00
00
00
00
00
00
00
00
00
00
00
00
00
00
00
00
00
00
00
00
00
00
00
00
00
00
00
00
00
00
00
00
00
00
00
70
8e
9c
1b
3c
7f
00
00
40
e0
9a
1b
3c
7f
00
00
00
e0
9a
1b
3c
7f
00
00
0b
00
1f
00
00
00
00
00
00
00
00
00
00
00
00
00
00
00
00
00
00
00
00
00
88
a4
9c
1b
3c
7f
00
00
00
00
00
00
00
00
00
00
10
34
6a
20
3c
7f
00
00
b0
41
7d
1b
3c
7f
00
00
13
00
00
00
61
00
00
00
0f
00
00
00
0a
00
00
00
00
e3
9a
1b
3c
7f
00
00
80
e3
9a
1b
3c
7f
00
00
ac
e4
9a
1b
3c
7f
00
00
00
00
00
00
1d
01
04
00
00
02
00
00
03
00
00
00
00
00
00
00
00
00
00
00
00
00
00
00
00
00
00
00
00
00
00
00
00
00
00
00
00
00
00
00
00
00
00
00
5e
f7
9a
1b
3c
7f
00
00
c0
a4
9c
1b
3c
7f
00
00
00
e0
9a
1b
3c
7f
00
00
b8
90
9c
1b
3c
7f
00
00
00
10
9c
1b
3c
7f
00
00
a0
05
6e
20
3c
7f
00
00
00
00
00
00
00
00
00
00
00
00
00
00
00
00
00
00
00
00
00
00
00
00
00
00
04
00
00
00
00
00
00
00
70
a3
9c
1b
3c
7f
00
00
c0
a2
9c
1b
3c
7f
00
00
00
00
00
00
00
00
00
00
02
03
01
00
00
00
00
00
18
79
90
01
00
00
00
00
00
00
00
00
00
00
00
00
00
00
00
00
00
00
00
00
b0
b7
9c
1b
3c
7f
00
00
00
00
00
00
00
00
00
00
00
00
00
00
01
00
00
00
00
00
00
00
00
00
00
00
00
00
00
00
00
00
00
00
00
00
00
00
00
00
00
00
00
00
00
00
00
00
00
00
00
00
00
00
00
00
00
00
88
e8
9a
1b
3c
7f
00
00
04
00
00
00
00
00
00
00
90
43
6a
20
3c
7f
00
00
b8
3f
b6
1b
3c
7f
00
00
00
00
00
00
00
00
00
00
00
00
00
00
00
00
00
00
00
00
00
00
00
00
00
00
00
00
00
00
00
00
00
00
00
00
00
00
00
00
00
00
00
00
00
00
00
00
00
00
00
00
00
00
00
00
00
00
00
00
00
00
00
00
00
00
90
ac
01
00
00
00
00
00
70
03
00
00
00
00
00
00
0e
00
00
00
00
00
00
00
00
00
00
00
00
00
00
00
a8
a4
9c
1b
3c
7f
00
00
00
00
00
00
00
00
00
00
01
00
00
00
00
00
00
00
6c
69
62
7a
2e
73
6f
2e
31
00
00
00
00
00
00
00
00
00
00
00
00
00
00
00
2f
6c
69
62
2f
78
38
36
5f
36
34
2d
6c
69
6e
75
78
2d
67
6e
75
00
6c
69
62
7a
2e
73
6f
2e
31
00
2f
6c
69
62
2f
78
38
36
5f
36
34
2d
6c
69
6e
75
78
2d
67
6e
75
2f
6c
69
62
7a
73
74
64
2e
73
6f
2e
31
00
00
00
00
00
00
00
00
00
00
00
00
00
00
00
f0
8d
1b
3c
7f
00
00
e0
a4
9c
1b
3c
7f
00
00
58
cd
9a
1b
3c
7f
00
00
20
aa
9c
1b
3c
7f
00
00
00
a0
9c
1b
3c
7f
00
00
10
a5
9c
1b
3c
7f
00
00
00
00
00
00
00
00
00
00
a0
a9
9c
1b
3c
7f
00
00
00
00
00
00
00
00
00
00
58
cd
9a
1b
3c
7f
00
00
38
ce
9a
1b
3c
7f
00
00
28
ce
9a
1b
3c
7f
00
00
00
00
00
00
00
00
00
00
e8
cd
9a
1b
3c
7f
00
00
f8
cd
9a
1b
3c
7f
00
00
68
ce
9a
1b
3c
7f
00
00
78
ce
9a
1b
3c
7f
00
00
88
ce
9a
1b
3c
7f
00
00
08
ce
9a
1b
3c
7f
00
00
18
ce
9a
1b
3c
7f
00
00
78
cd
9a
1b
3c
7f
00
00
88
cd
9a
1b
3c
7f
00
00
68
cd
9a
1b
3c
7f
00
00
00
00
00
00
00
00
00
00
00
00
00
00
00
00
00
00
00
00
00
00
00
00
00
00
00
00
00
00
00
00
00
00
00
00
00
00
00
00
00
00
48
ce
9a
1b
3c
7f
00
00
00
00
00
00
00
00
00
00
00
00
00
00
00
00
00
00
58
ce
9a
1b
3c
7f
00
00
a8
ce
9a
1b
3c
7f
00
00
98
cd
9a
1b
3c
7f
00
00
b8
cd
9a
1b
3c
7f
00
00
a8
cd
9a
1b
3c
7f
00
00
c8
cd
9a
1b
3c
7f
00
00
00
00
00
00
00
00
00
00
98
ce
9a
1b
3c
7f
00
00
00
00
00
00
00
00
00
00
00
00
00
00
00
00
00
00
00
00
00
00
00
00
00
00
00
00
00
00
00
00
00
00
c8
ce
9a
1b
3c
7f
00
00
b8
ce
9a
1b
3c
7f
00
00
00
00
00
00
00
00
00
00
00
00
00
00
00
00
00
00
a8
ce
9a
1b
3c
7f
00
00
00
00
00
00
00
00
00
00
e8
ce
9a
1b
3c
7f
00
00
00
00
00
00
00
00
00
00
00
00
00
00
00
00
00
00
00
00
00
00
00
00
00
00
00
00
00
00
00
00
00
00
00
00
00
00
00
00
00
00
00
00
00
00
00
00
00
00
00
00
00
00
00
00
00
00
00
00
00
00
00
00
00
00
d8
ce
9a
1b
3c
7f
00
00
00
00
00
00
00
00
00
00
00
00
00
00
00
00
00
00
00
00
00
00
00
00
00
00
00
00
00
00
00
00
00
00
00
00
00
00
00
00
00
00
00
00
00
00
00
00
00
00
00
00
00
00
00
00
00
00
00
00
00
00
00
00
00
00
00
00
00
00
00
00
00
00
00
00
00
00
00
00
00
00
00
00
00
00
00
00
00
00
00
00
00
00
00
00
00
00
00
00
00
00
00
00
00
00
00
00
00
00
00
00
00
00
00
00
00
00
00
00
00
00
00
00
00
00
00
00
00
00
00
00
00
00
00
00
00
00
00
00
00
00
00
00
00
00
00
00
00
00
00
00
00
00
00
00
00
00
00
00
00
00
00
00
00
00
00
00
00
00
00
00
00
00
00
00
00
00
00
00
00
00
00
00
00
00
00
00
00
00
00
00
00
00
00
00
00
00
00
00
00
00
d8
cd
9a
1b
3c
7f
00
00
40
f0
8d
1b
3c
7f
00
00
00
f0
8d
1b
3c
7f
00
00
0b
00
1f
00
00
00
00
00
00
00
00
00
00
00
00
00
00
00
00
00
00
00
00
00
98
a9
9c
1b
3c
7f
00
00
00
00
00
00
00
00
00
00
10
34
6a
20
3c
7f
00
00
80
43
7d
1b
3c
7f
00
00
06
00
00
00
09
02
00
00
3f
00
00
00
0c
00
00
00
00
f3
8d
1b
3c
7f
00
00
00
f5
8d
1b
3c
7f
00
00
d0
fc
8d
1b
3c
7f
00
00
00
00
00
00
1d
01
04
00
00
02
00
00
03
00
00
00
00
00
00
00
00
00
00
00
00
00
00
00
00
00
00
00
00
00
00
00
00
00
00
00
00
00
00
00
00
00
00
00
d8
74
8e
1b
3c
7f
00
00
d0
a9
9c
1b
3c
7f
00
00
00
f0
8d
1b
3c
7f
00
00
38
d0
9a
1b
3c
7f
00
00
00
b0
99
1b
3c
7f
00
00
a0
05
6e
20
3c
7f
00
00
00
00
00
00
00
00
00
00
00
00
00
00
00
00
00
00
00
00
00
00
00
00
00
00
04
00
00
00
00
00
00
00
80
a8
9c
1b
3c
7f
00
00
d0
a7
9c
1b
3c
7f
00
00
00
00
00
00
00
00
00
00
02
03
01
00
00
00
00
00
26
79
90
01
00
00
00
00
00
00
00
00
00
00
00
00
00
00
00
00
00
00
00
00
e0
b7
9c
1b
3c
7f
00
00
00
00
00
00
00
00
00
00
00
00
00
00
01
00
00
00
00
00
00
00
01
00
00
00
08
00
00
00
00
00
00
00
00
00
00
00
00
00
00
00
00
00
00
00
00
00
00
00
00
00
00
00
00
00
00
00
d8
07
8e
1b
3c
7f
00
00
01
00
00
00
00
00
00
00
90
43
6a
20
3c
7f
00
00
a0
6f
b6
1b
3c
7f
00
00
00
00
00
00
00
00
00
00
00
00
00
00
00
00
00
00
00
00
00
00
00
00
00
00
00
00
00
00
00
00
00
00
00
00
00
00
00
00
00
00
00
00
00
00
00
00
00
00
00
00
00
00
00
00
00
00
00
00
00
00
00
00
00
00
70
db
0c
00
00
00
00
00
90
04
00
00
00
00
00
00
0f
00
00
00
00
00
00
00
00
00
00
00
00
00
00
00
b8
a9
9c
1b
3c
7f
00
00
00
00
00
00
00
00
00
00
01
00
00
00
00
00
00
00
6c
69
62
7a
73
74
64
2e
73
6f
2e
31
00
00
00
00
00
00
00
00
00
00
00
00
2f
6c
69
62
2f
78
38
36
5f
36
34
2d
6c
69
6e
75
78
2d
67
6e
75
00
6c
69
62
7a
73
74
64
2e
73
6f
2e
31
00
00
00
00
00
00
00
00
00
00
00
00
00
00
2f
6c
69
62
2f
78
38
36
5f
36
34
2d
6c
69
6e
75
78
2d
67
6e
75
2f
6c
69
62
6d
2e
73
6f
2e
36
00
00
80
7f
1b
3c
7f
00
00
00
aa
9c
1b
3c
7f
00
00
90
dd
8d
1b
3c
7f
00
00
f0
fa
6d
20
3c
7f
00
00
10
a5
9c
1b
3c
7f
00
00
20
aa
9c
1b
3c
7f
00
00
00
00
00
00
00
00
00
00
b0
ae
9c
1b
3c
7f
00
00
00
00
00
00
00
00
00
00
a0
dd
8d
1b
3c
7f
00
00
90
de
8d
1b
3c
7f
00
00
80
de
8d
1b
3c
7f
00
00
20
de
8d
1b
3c
7f
00
00
40
de
8d
1b
3c
7f
00
00
50
de
8d
1b
3c
7f
00
00
c0
de
8d
1b
3c
7f
00
00
d0
de
8d
1b
3c
7f
00
00
e0
de
8d
1b
3c
7f
00
00
60
de
8d
1b
3c
7f
00
00
70
de
8d
1b
3c
7f
00
00
c0
dd
8d
1b
3c
7f
00
00
d0
dd
8d
1b
3c
7f
00
00
b0
dd
8d
1b
3c
7f
00
00
00
00
00
00
00
00
00
00
00
00
00
00
00
00
00
00
00
00
00
00
00
00
00
00
00
00
00
00
00
00
00
00
00
00
00
00
00
00
00
00
a0
de
8d
1b
3c
7f
00
00
00
00
00
00
00
00
00
00
00
00
00
00
00
00
00
00
b0
de
8d
1b
3c
7f
00
00
00
00
00
00
00
00
00
00
e0
dd
8d
1b
3c
7f
00
00
00
de
8d
1b
3c
7f
00
00
f0
dd
8d
1b
3c
7f
00
00
10
de
8d
1b
3c
7f
00
00
00
00
00
00
00
00
00
00
10
df
8d
1b
3c
7f
00
00
00
00
00
00
00
00
00
00
00
00
00
00
00
00
00
00
00
00
00
00
00
00
00
00
00
00
00
00
00
00
00
00
30
df
8d
1b
3c
7f
00
00
20
df
8d
1b
3c
7f
00
00
00
df
8d
1b
3c
7f
00
00
f0
de
8d
1b
3c
7f
00
00
00
00
00
00
00
00
00
00
00
00
00
00
00
00
00
00
50
df
8d
1b
3c
7f
00
00
00
00
00
00
00
00
00
00
00
00
00
00
00
00
00
00
00
00
00
00
00
00
00
00
00
00
00
00
00
00
00
00
00
00
00
00
00
00
00
00
00
00
00
00
00
00
00
00
00
00
00
00
00
00
00
00
00
00
00
00
00
00
00
00
40
df
8d
1b
3c
7f
00
00
00
00
00
00
00
00
00
00
00
00
00
00
00
00
00
00
00
00
00
00
00
00
00
00
00
00
00
00
00
00
00
00
00
00
00
00
00
00
00
00
00
00
00
00
00
00
00
00
00
00
00
00
00
00
00
00
00
00
00
00
00
00
00
00
00
00
00
00
00
00
00
00
00
00
00
00
00
00
00
00
00
00
00
00
00
00
00
00
00
00
00
00
00
00
00
00
00
00
00
00
00
00
00
00
00
00
00
00
00
00
00
00
00
00
00
00
00
00
00
00
00
00
00
00
00
00
00
00
00
00
00
00
00
00
00
00
00
00
00
00
00
00
00
00
00
00
00
00
00
00
00
00
00
00
00
00
00
00
00
00
00
00
00
00
00
00
00
00
00
00
00
00
00
00
00
00
00
00
00
00
00
00
00
00
00
00
00
00
00
00
00
00
00
00
00
00
00
00
00
00
30
de
8d
1b
3c
7f
00
00
40
80
7f
1b
3c
7f
00
00
00
80
7f
1b
3c
7f
00
00
0b
00
22
00
00
00
00
00
00
00
00
00
00
00
00
00
00
00
00
00
00
00
00
00
a8
ae
9c
1b
3c
7f
00
00
00
00
00
00
00
00
00
00
10
34
6a
20
3c
7f
00
00
10
44
7d
1b
3c
7f
00
00
14
00
00
00
e2
03
00
00
7f
00
00
00
0d
00
00
00
30
83
7f
1b
3c
7f
00
00
30
87
7f
1b
3c
7f
00
00
74
96
7f
1b
3c
7f
00
00
00
00
00
00
1d
01
04
00
00
02
00
00
03
00
00
00
01
00
00
00
00
00
00
00
00
00
00
00
00
00
00
00
00
00
00
00
00
00
00
00
00
00
00
00
00
00
00
00
38
43
80
1b
3c
7f
00
00
e0
ae
9c
1b
3c
7f
00
00
00
80
7f
1b
3c
7f
00
00
08
e1
8d
1b
3c
7f
00
00
00
20
88
1b
3c
7f
00
00
a0
05
6e
20
3c
7f
00
00
00
00
00
00
00
00
00
00
00
00
00
00
00
00
00
00
00
00
00
00
00
00
00
00
04
00
00
00
00
00
00
00
90
ad
9c
1b
3c
7f
00
00
e0
ac
9c
1b
3c
7f
00
00
00
00
00
00
00
00
00
00
02
03
01
00
00
00
00
00
7f
0e
90
01
00
00
00
00
00
00
00
00
00
00
00
00
00
00
00
00
00
00
00
00
10
b8
9c
1b
3c
7f
00
00
00
00
00
00
00
00
00
00
00
00
00
00
01
00
00
00
00
00
00
00
00
00
00
00
10
00
00
00
00
00
00
00
00
00
00
00
00
00
00
00
00
00
00
00
00
00
00
00
00
00
00
00
00
00
00
00
e8
aa
7f
1b
3c
7f
00
00
04
00
00
00
00
00
00
00
90
43
6a
20
3c
7f
00
00
18
fd
b6
1b
3c
7f
00
00
00
00
00
00
00
00
00
00
00
00
00
00
00
00
00
00
00
00
00
00
00
00
00
00
00
00
00
00
00
00
00
00
00
00
00
00
00
00
00
00
00
00
00
00
00
00
00
00
00
00
00
00
00
00
00
00
00
00
00
00
00
00
00
00
80
5d
0e
00
00
00
00
00
80
02
00
00
00
00
00
00
10
00
00
00
00
00
00
00
00
00
00
00
00
00
00
00
c8
ae
9c
1b
3c
7f
00
00
00
00
00
00
00
00
00
00
01
00
00
00
00
00
00
00
6c
69
62
6d
2e
73
6f
2e
36
00
00
00
00
00
00
00
00
00
00
00
00
00
00
00
2f
6c
69
62
2f
78
38
36
5f
36
34
2d
6c
69
6e
75
78
2d
67
6e
75
00
6c
69
62
6d
2e
73
6f
2e
36
00
10
34
6a
20
3c
7f
00
00
a0
48
6a
20
3c
7f
00
00
00
e0
af
1b
3c
7f
00
00
20
e5
af
1b
3c
7f
00
00
40
ea
af
1b
3c
7f
00
00
60
ef
af
1b
3c
7f
00
00
80
f4
af
1b
3c
7f
00
00
a0
f9
af
1b
3c
7f
00
00
00
a0
9c
1b
3c
7f
00
00
10
a5
9c
1b
3c
7f
00
00
60
39
6a
20
3c
7f
00
00
20
aa
9c
1b
3c
7f
00
00
80
3e
6a
20
3c
7f
00
00
90
43
6a
20
3c
7f
00
00
f0
fa
6d
20
3c
7f
00
00
00
00
00
00
00
00
00
00
10
34
6a
20
3c
7f
00
00
a0
48
6a
20
3c
7f
00
00
00
e0
af
1b
3c
7f
00
00
20
e5
af
1b
3c
7f
00
00
40
ea
af
1b
3c
7f
00
00
60
ef
af
1b
3c
7f
00
00
80
f4
af
1b
3c
7f
00
00
a0
f9
af
1b
3c
7f
00
00
00
a0
9c
1b
3c
7f
00
00
10
a5
9c
1b
3c
7f
00
00
60
39
6a
20
3c
7f
00
00
20
aa
9c
1b
3c
7f
00
00
80
3e
6a
20
3c
7f
00
00
90
43
6a
20
3c
7f
00
00
f0
fa
6d
20
3c
7f
00
00
00
00
00
00
00
00
00
00
60
39
6a
20
3c
7f
00
00
20
aa
9c
1b
3c
7f
00
00
90
43
6a
20
3c
7f
00
00
f0
fa
6d
20
3c
7f
00
00
80
3e
6a
20
3c
7f
00
00
00
00
00
00
00
00
00
00
60
39
6a
20
3c
7f
00
00
20
aa
9c
1b
3c
7f
00
00
90
43
6a
20
3c
7f
00
00
f0
fa
6d
20
3c
7f
00
00
80
3e
6a
20
3c
7f
00
00
00
00
00
00
00
00
00
00
80
3e
6a
20
3c
7f
00
00
90
43
6a
20
3c
7f
00
00
00
00
00
00
00
00
00
00
80
3e
6a
20
3c
7f
00
00
90
43
6a
20
3c
7f
00
00
00
00
00
00
00
00
00
00
90
43
6a
20
3c
7f
00
00
f0
fa
6d
20
3c
7f
00
00
00
00
00
00
00
00
00
00
90
43
6a
20
3c
7f
00
00
f0
fa
6d
20
3c
7f
00
00
00
00
00
00
00
00
00
00
a0
48
6a
20
3c
7f
00
00
60
39
6a
20
3c
7f
00
00
80
3e
6a
20
3c
7f
00
00
90
43
6a
20
3c
7f
00
00
f0
fa
6d
20
3c
7f
00
00
00
00
00
00
00
00
00
00
a0
48
6a
20
3c
7f
00
00
60
39
6a
20
3c
7f
00
00
80
3e
6a
20
3c
7f
00
00
90
43
6a
20
3c
7f
00
00
f0
fa
6d
20
3c
7f
00
00
00
00
00
00
00
00
00
00
00
e0
af
1b
3c
7f
00
00
90
43
6a
20
3c
7f
00
00
00
00
00
00
00
00
00
00
00
e0
af
1b
3c
7f
00
00
90
43
6a
20
3c
7f
00
00
00
00
00
00
00
00
00
00
2f
6c
69
62
2f
78
38
36
5f
36
34
2d
6c
69
6e
75
78
2d
67
6e
75
2f
6c
69
62
62
72
6f
74
6c
69
63
6f
6d
6d
6f
6e
2e
73
6f
2e
31
00
00
00
00
00
00
00
50
7d
1b
3c
7f
00
00
50
b1
9c
1b
3c
7f
00
00
10
6e
7f
1b
3c
7f
00
00
00
00
00
00
00
00
00
00
f0
fa
6d
20
3c
7f
00
00
80
b1
9c
1b
3c
7f
00
00
00
00
00
00
00
00
00
00
10
b6
9c
1b
3c
7f
00
00
00
00
00
00
00
00
00
00
10
6e
7f
1b
3c
7f
00
00
f0
6e
7f
1b
3c
7f
00
00
e0
6e
7f
1b
3c
7f
00
00
00
00
00
00
00
00
00
00
a0
6e
7f
1b
3c
7f
00
00
b0
6e
7f
1b
3c
7f
00
00
20
6f
7f
1b
3c
7f
00
00
30
6f
7f
1b
3c
7f
00
00
40
6f
7f
1b
3c
7f
00
00
c0
6e
7f
1b
3c
7f
00
00
d0
6e
7f
1b
3c
7f
00
00
30
6e
7f
1b
3c
7f
00
00
40
6e
7f
1b
3c
7f
00
00
20
6e
7f
1b
3c
7f
00
00
00
00
00
00
00
00
00
00
00
00
00
00
00
00
00
00
00
00
00
00
00
00
00
00
00
00
00
00
00
00
00
00
00
00
00
00
00
00
00
00
00
6f
7f
1b
3c
7f
00
00
00
00
00
00
00
00
00
00
00
00
00
00
00
00
00
00
10
6f
7f
1b
3c
7f
00
00
00
00
00
00
00
00
00
00
50
6e
7f
1b
3c
7f
00
00
70
6e
7f
1b
3c
7f
00
00
60
6e
7f
1b
3c
7f
00
00
80
6e
7f
1b
3c
7f
00
00
00
00
00
00
00
00
00
00
00
00
00
00
00
00
00
00
00
00
00
00
00
00
00
00
00
00
00
00
00
00
00
00
00
00
00
00
00
00
00
00
00
00
00
00
00
00
00
00
60
6f
7f
1b
3c
7f
00
00
50
6f
7f
1b
3c
7f
00
00
00
00
00
00
00
00
00
00
00
00
00
00
00
00
00
00
00
00
00
00
00
00
00
00
00
00
00
00
00
00
00
00
80
6f
7f
1b
3c
7f
00
00
00
00
00
00
00
00
00
00
00
00
00
00
00
00
00
00
00
00
00
00
00
00
00
00
00
00
00
00
00
00
00
00
00
00
00
00
00
00
00
00
00
00
00
00
00
00
00
00
00
00
00
00
00
00
00
00
00
00
00
00
00
00
00
00
70
6f
7f
1b
3c
7f
00
00
00
00
00
00
00
00
00
00
00
00
00
00
00
00
00
00
00
00
00
00
00
00
00
00
00
00
00
00
00
00
00
00
00
00
00
00
00
00
00
00
00
00
00
00
00
00
00
00
00
00
00
00
00
00
00
00
00
00
00
00
00
00
00
00
00
00
00
00
00
00
00
00
00
00
00
00
00
00
00
00
00
00
00
00
00
00
00
00
00
00
00
00
00
00
00
00
00
00
00
00
00
00
00
00
00
00
00
00
00
00
00
00
00
00
00
00
00
00
00
00
00
00
00
00
00
00
00
00
00
00
00
00
00
00
00
00
00
00
00
00
00
00
00
00
00
00
00
00
00
00
00
00
00
00
00
00
00
00
00
00
00
00
00
00
00
00
00
00
00
00
00
00
00
00
00
00
00
00
00
00
00
00
00
00
00
00
00
00
00
00
00
00
00
00
00
00
00
00
00
00
90
6e
7f
1b
3c
7f
00
00
40
50
7d
1b
3c
7f
00
00
00
50
7d
1b
3c
7f
00
00
0b
00
1d
00
00
00
00
00
00
00
00
00
00
00
00
00
00
00
00
00
00
00
00
00
08
b6
9c
1b
3c
7f
00
00
00
00
00
00
00
00
00
00
20
e5
af
1b
3c
7f
00
00
b0
46
7d
1b
3c
7f
00
00
03
00
00
00
03
00
00
00
00
00
00
00
06
00
00
00
00
53
7d
1b
3c
7f
00
00
08
53
7d
1b
3c
7f
00
00
f8
52
7d
1b
3c
7f
00
00
00
00
00
00
1d
01
04
00
00
02
00
00
03
00
00
00
00
00
00
00
00
00
00
00
00
00
00
00
00
00
00
00
00
00
00
00
00
00
00
00
00
00
00
00
00
00
00
00
ec
55
7d
1b
3c
7f
00
00
40
b6
9c
1b
3c
7f
00
00
00
50
7d
1b
3c
7f
00
00
38
70
7f
1b
3c
7f
00
00
00
70
7d
1b
3c
7f
00
00
a0
05
6e
20
3c
7f
00
00
00
00
00
00
00
00
00
00
00
00
00
00
00
00
00
00
00
00
00
00
00
00
00
00
04
00
00
00
00
00
00
00
f0
b4
9c
1b
3c
7f
00
00
40
b4
9c
1b
3c
7f
00
00
00
00
00
00
00
00
00
00
02
03
01
00
00
00
00
00
38
73
90
01
00
00
00
00
00
00
00
00
00
00
00
00
00
00
00
00
00
00
00
00
50
b8
9c
1b
3c
7f
00
00
00
00
00
00
00
00
00
00
00
00
00
00
01
00
00
00
00
00
00
00
00
00
00
00
00
00
00
00
00
00
00
00
00
00
00
00
00
00
00
00
00
00
00
00
00
00
00
00
00
00
00
00
00
00
00
00
c8
53
7d
1b
3c
7f
00
00
04
00
00
00
00
00
00
00
90
43
6a
20
3c
7f
00
00
b8
3f
b6
1b
3c
7f
00
00
00
00
00
00
00
00
00
00
00
00
00
00
00
00
00
00
00
00
00
00
00
00
00
00
00
00
00
00
00
00
00
00
00
00
00
00
00
00
00
00
00
00
00
00
00
00
00
00
00
00
00
00
00
00
00
00
00
00
00
00
00
00
00
00
f0
1c
02
00
00
00
00
00
10
03
00
00
00
00
00
00
11
00
00
00
00
00
00
00
00
00
00
00
00
00
00
00
28
b6
9c
1b
3c
7f
00
00
00
00
00
00
00
00
00
00
01
00
00
00
00
00
00
00
6c
69
62
62
72
6f
74
6c
69
63
6f
6d
6d
6f
6e
2e
73
6f
2e
31
00
00
00
00
2f
6c
69
62
2f
78
38
36
5f
36
34
2d
6c
69
6e
75
78
2d
67
6e
75
00
6c
69
62
62
72
6f
74
6c
69
63
6f
6d
6d
6f
6e
2e
73
6f
2e
31
00
00
00
00
00
00
20
e5
af
1b
3c
7f
00
00
20
aa
9c
1b
3c
7f
00
00
80
b1
9c
1b
3c
7f
00
00
90
43
6a
20
3c
7f
00
00
00
00
00
00
00
00
00
00
20
e5
af
1b
3c
7f
00
00
20
aa
9c
1b
3c
7f
00
00
80
b1
9c
1b
3c
7f
00
00
90
43
6a
20
3c
7f
00
00
00
00
00
00
00
00
00
00
40
ea
af
1b
3c
7f
00
00
80
b1
9c
1b
3c
7f
00
00
90
43
6a
20
3c
7f
00
00
00
00
00
00
00
00
00
00
40
ea
af
1b
3c
7f
00
00
80
b1
9c
1b
3c
7f
00
00
90
43
6a
20
3c
7f
00
00
00
00
00
00
00
00
00
00
60
ef
af
1b
3c
7f
00
00
90
43
6a
20
3c
7f
00
00
00
00
00
00
00
00
00
00
60
ef
af
1b
3c
7f
00
00
90
43
6a
20
3c
7f
00
00
00
00
00
00
00
00
00
00
80
f4
af
1b
3c
7f
00
00
90
43
6a
20
3c
7f
00
00
00
00
00
00
00
00
00
00
80
f4
af
1b
3c
7f
00
00
90
43
6a
20
3c
7f
00
00
00
00
00
00
00
00
00
00
a0
f9
af
1b
3c
7f
00
00
60
39
6a
20
3c
7f
00
00
80
3e
6a
20
3c
7f
00
00
90
43
6a
20
3c
7f
00
00
00
00
00
00
00
00
00
00
a0
f9
af
1b
3c
7f
00
00
60
39
6a
20
3c
7f
00
00
80
3e
6a
20
3c
7f
00
00
90
43
6a
20
3c
7f
00
00
00
00
00
00
00
00
00
00
00
a0
9c
1b
3c
7f
00
00
90
43
6a
20
3c
7f
00
00
00
00
00
00
00
00
00
00
00
a0
9c
1b
3c
7f
00
00
90
43
6a
20
3c
7f
00
00
00
00
00
00
00
00
00
00
10
a5
9c
1b
3c
7f
00
00
90
43
6a
20
3c
7f
00
00
00
00
00
00
00
00
00
00
10
a5
9c
1b
3c
7f
00
00
90
43
6a
20
3c
7f
00
00
00
00
00
00
00
00
00
00
20
aa
9c
1b
3c
7f
00
00
90
43
6a
20
3c
7f
00
00
f0
fa
6d
20
3c
7f
00
00
00
00
00
00
00
00
00
00
20
aa
9c
1b
3c
7f
00
00
90
43
6a
20
3c
7f
00
00
f0
fa
6d
20
3c
7f
00
00
00
00
00
00
00
00
00
00
80
b1
9c
1b
3c
7f
00
00
90
43
6a
20
3c
7f
00
00
00
00
00
00
00
00
00
00
80
b1
9c
1b
3c
7f
00
00
90
43
6a
20
3c
7f
00
00
00
00
00
00
00
00
00
00
e0
02
6e
20
3c
7f
00
00
10
34
6a
20
3c
7f
00
00
a0
48
6a
20
3c
7f
00
00
00
e0
af
1b
3c
7f
00
00
20
e5
af
1b
3c
7f
00
00
40
ea
af
1b
3c
7f
00
00
60
ef
af
1b
3c
7f
00
00
80
f4
af
1b
3c
7f
00
00
a0
f9
af
1b
3c
7f
00
00
60
39
6a
20
3c
7f
00
00
80
3e
6a
20
3c
7f
00
00
00
a0
9c
1b
3c
7f
00
00
10
a5
9c
1b
3c
7f
00
00
20
aa
9c
1b
3c
7f
00
00
80
b1
9c
1b
3c
7f
00
00
90
43
6a
20
3c
7f
00
00
f0
fa
6d
20
3c
7f
00
00
00
00
00
00
00
00
00
00
e0
02
6e
20
3c
7f
00
00
10
34
6a
20
3c
7f
00
00
60
39
6a
20
3c
7f
00
00
80
3e
6a
20
3c
7f
00
00
90
43
6a
20
3c
7f
00
00
a0
48
6a
20
3c
7f
00
00
00
e0
af
1b
3c
7f
00
00
20
e5
af
1b
3c
7f
00
00
40
ea
af
1b
3c
7f
00
00
60
ef
af
1b
3c
7f
00
00
80
f4
af
1b
3c
7f
00
00
a0
f9
af
1b
3c
7f
00
00
00
a0
9c
1b
3c
7f
00
00
10
a5
9c
1b
3c
7f
00
00
20
aa
9c
1b
3c
7f
00
00
f0
fa
6d
20
3c
7f
00
00
80
b1
9c
1b
3c
7f
00
00
00
00
00
00
00
00
00
00
00
00
00
00
00
00
00
00
00
00
00
00
00
00
00
00
00
00
00
00
00
00
00
00
00
00
00
00
00
00
00
00
00
00
00
00
00
00
00
00
00
00
00
00
00
00
00
00
da
70
b4
72
c3
55
00
00
74
29
92
08
00
00
00
00
58
70
b4
72
c3
55
00
00
cb
70
b4
72
c3
55
00
00
71
f8
97
02
00
00
00
00
58
70
b4
72
c3
55
00
00
c0
70
b4
72
c3
55
00
00
d3
af
6b
05
00
00
00
00
58
70
b4
72
c3
55
00
00
b3
70
b4
72
c3
55
00
00
79
d1
af
0b
00
00
00
00
58
70
b4
72
c3
55
00
00
a9
70
b4
72
c3
55
00
00
14
69
69
0d
00
00
00
00
75
70
b4
72
c3
55
00
00
9d
70
b4
72
c3
55
00
00
75
1a
69
09
00
00
00
00
75
70
b4
72
c3
55
00
00
7f
70
b4
72
c3
55
00
00
50
26
79
0b
00
00
00
00
67
70
b4
72
c3
55
00
00
92
70
b4
72
c3
55
00
00
b2
91
96
06
00
00
00
00
75
70
b4
72
c3
55
00
00
87
70
b4
72
c3
55
00
00
b4
91
96
06
00
00
00
00
75
70
b4
72
c3
55
00
00
00
00
00
00
00
00
00
00
00
00
00
00
00
00
00
00
00
00
00
00
00
00
00
00
00
00
00
00
00
00
00
00
00
00
00
00
00
00
00
00
00
00
00
00
00
00
00
00
00
00
00
00
00
00
00
00
81
c3
bd
91
fe
7f
00
00
f6
75
ae
03
00
00
00
00
00
00
00
00
00
00
00
00
00
00
00
00
00
00
00
00
00
00
00
00
00
00
00
00
00
00
00
00
00
00
00
00
00
00
00
00
00
00
00
00
00
00
00
00
00
00
00
00
00
00
00
00
00
00
00
00
00
00
00
00
00
00
00
00
74
b3
0f
1d
3c
7f
00
00
71
f8
97
02
00
00
00
00
51
b1
0f
1d
3c
7f
00
00
68
b3
0f
1d
3c
7f
00
00
74
29
92
08
00
00
00
00
51
b1
0f
1d
3c
7f
00
00
5f
b2
0f
1d
3c
7f
00
00
50
26
79
0b
00
00
00
00
6a
b1
0f
1d
3c
7f
00
00
d3
b1
0f
1d
3c
7f
00
00
75
1a
69
09
00
00
00
00
78
b1
0f
1d
3c
7f
00
00
d3
b1
0f
1d
3c
7f
00
00
75
1a
69
09
00
00
00
00
60
b1
0f
1d
3c
7f
00
00
5d
b3
0f
1d
3c
7f
00
00
d3
af
6b
05
00
00
00
00
51
b1
0f
1d
3c
7f
00
00
4c
b2
0f
1d
3c
7f
00
00
b3
91
96
06
00
00
00
00
78
b1
0f
1d
3c
7f
00
00
4e
b3
0f
1d
3c
7f
00
00
61
f8
97
02
00
00
00
00
51
b1
0f
1d
3c
7f
00
00
41
b3
0f
1d
3c
7f
00
00
79
d1
af
0b
00
00
00
00
51
b1
0f
1d
3c
7f
00
00
32
b3
0f
1d
3c
7f
00
00
70
f8
97
02
00
00
00
00
51
b1
0f
1d
3c
7f
00
00
c8
b1
0f
1d
3c
7f
00
00
89
91
96
06
00
00
00
00
60
b1
0f
1d
3c
7f
00
00
41
b2
0f
1d
3c
7f
00
00
88
91
96
06
00
00
00
00
78
b1
0f
1d
3c
7f
00
00
23
b3
0f
1d
3c
7f
00
00
76
f8
97
02
00
00
00
00
51
b1
0f
1d
3c
7f
00
00
b3
b1
0f
1d
3c
7f
00
00
13
69
69
0d
00
00
00
00
78
b1
0f
1d
3c
7f
00
00
36
b2
0f
1d
3c
7f
00
00
b2
91
96
06
00
00
00
00
78
b1
0f
1d
3c
7f
00
00
14
b3
0f
1d
3c
7f
00
00
65
f8
97
02
00
00
00
00
51
b1
0f
1d
3c
7f
00
00
2c
b2
0f
1d
3c
7f
00
00
14
69
69
0d
00
00
00
00
78
b1
0f
1d
3c
7f
00
00
21
b2
0f
1d
3c
7f
00
00
b4
91
96
06
00
00
00
00
78
b1
0f
1d
3c
7f
00
00
16
b2
0f
1d
3c
7f
00
00
97
91
96
06
00
00
00
00
78
b1
0f
1d
3c
7f
00
00
05
b3
0f
1d
3c
7f
00
00
72
f8
97
02
00
00
00
00
51
b1
0f
1d
3c
7f
00
00
f8
b2
0f
1d
3c
7f
00
00
75
d1
af
0b
00
00
00
00
51
b1
0f
1d
3c
7f
00
00
ea
b2
0f
1d
3c
7f
00
00
f1
17
fd
0a
00
00
00
00
51
b1
0f
1d
3c
7f
00
00
0a
b2
0f
1d
3c
7f
00
00
74
19
69
09
00
00
00
00
78
b1
0f
1d
3c
7f
00
00
fe
b1
0f
1d
3c
7f
00
00
72
19
69
09
00
00
00
00
78
b1
0f
1d
3c
7f
00
00
db
b2
0f
1d
3c
7f
00
00
68
f8
97
02
00
00
00
00
51
b1
0f
1d
3c
7f
00
00
bd
b1
0f
1d
3c
7f
00
00
87
91
96
06
00
00
00
00
60
b1
0f
1d
3c
7f
00
00
cc
b2
0f
1d
3c
7f
00
00
67
f8
97
02
00
00
00
00
51
b1
0f
1d
3c
7f
00
00
bd
b2
0f
1d
3c
7f
00
00
69
f8
97
02
00
00
00
00
51
b1
0f
1d
3c
7f
00
00
af
b2
0f
1d
3c
7f
00
00
85
7f
29
02
00
00
00
00
51
b1
0f
1d
3c
7f
00
00
a1
b2
0f
1d
3c
7f
00
00
89
7f
29
02
00
00
00
00
51
b1
0f
1d
3c
7f
00
00
92
b2
0f
1d
3c
7f
00
00
64
f8
97
02
00
00
00
00
51
b1
0f
1d
3c
7f
00
00
f3
b1
0f
1d
3c
7f
00
00
94
91
96
06
00
00
00
00
78
b1
0f
1d
3c
7f
00
00
e9
b1
0f
1d
3c
7f
00
00
16
69
69
0d
00
00
00
00
78
b1
0f
1d
3c
7f
00
00
83
b2
0f
1d
3c
7f
00
00
79
f8
97
02
00
00
00
00
51
b1
0f
1d
3c
7f
00
00
b3
b1
0f
1d
3c
7f
00
00
13
69
69
0d
00
00
00
00
82
b1
0f
1d
3c
7f
00
00
a8
b1
0f
1d
3c
7f
00
00
c0
e5
27
08
00
00
00
00
3a
b1
0f
1d
3c
7f
00
00
57
b2
0f
1d
3c
7f
00
00
54
26
79
0b
00
00
00
00
6a
b1
0f
1d
3c
7f
00
00
74
b2
0f
1d
3c
7f
00
00
40
f8
97
02
00
00
00
00
51
b1
0f
1d
3c
7f
00
00
67
b2
0f
1d
3c
7f
00
00
78
d1
af
0b
00
00
00
00
51
b1
0f
1d
3c
7f
00
00
df
b1
0f
1d
3c
7f
00
00
19
69
69
0d
00
00
00
00
78
b1
0f
1d
3c
7f
00
00
00
00
00
00
00
00
00
00
00
00
00
00
00
00
00
00
00
00
00
00
00
00
00
00
00
00
00
00
00
00
00
00
00
00
00
00
00
00
00
00
00
00
00
00
00
00
00
00
00
00
00
00
00
00
00
00
00
00
00
00
00
00
00
00
00
00
00
00
00
00
00
00
00
00
00
00
00
00
00
00
00
00
00
00
00
00
00
00
00
00
00
00
00
00
00
00
00
00
00
00
00
00
00
00
00
00
00
00
00
00
00
00
00
00
00
00
00
00
00
00
00
00
00
00
00
00
00
00
00
00
00
00
00
00
00
00
00
00
00
00
00
00
00
00
00
00
00
00
00
00
00
00
00
00
00
00
00
00
00
00
00
00
00
00
00
00
00
00
00
00
00
00
00
00
00
00
00
00
00
00
00
00
00
00
00
00
00
00
00
00
00
00
00
00
00
00
00
00
00
00
00
00
00
00
00
00
00
00
00
00
00
00
00
00
00
00
00
00
00
00
00
00
00
00
00
00
00
00
00
00
00
00
00
00
00
00
00
00
00
00
00
00
00
00
00
00
00
00
00
00
00
00
00
00
00
00
00
00
00
00
00
00
00
00
00
00
00
00
00
00
00
00
