7f
45
4c
46
02
01
01
03
00
00
00
00
00
00
00
00
03
00
3e
00
01
00
00
00
50
9f
02
00
00
00
00
00
40
00
00
00
00
00
00
00
f0
d0
21
00
00
00
00
00
00
00
00
00
40
00
38
00
0e
00
40
00
42
00
41
00
06
00
00
00
04
00
00
00
40
00
00
00
00
00
00
00
40
00
00
00
00
00
00
00
40
00
00
00
00
00
00
00
10
03
00
00
00
00
00
00
10
03
00
00
00
00
00
00
08
00
00
00
00
00
00
00
03
00
00
00
04
00
00
00
30
3e
1e
00
00
00
00
00
30
3e
1e
00
00
00
00
00
30
3e
1e
00
00
00
00
00
1c
00
00
00
00
00
00
00
1c
00
00
00
00
00
00
00
10
00
00
00
00
00
00
00
01
00
00
00
04
00
00
00
00
00
00
00
00
00
00
00
00
00
00
00
00
00
00
00
00
00
00
00
00
00
00
00
e0
7f
02
00
00
00
00
00
e0
7f
02
00
00
00
00
00
00
10
00
00
00
00
00
00
01
00
00
00
05
00
00
00
00
80
02
00
00
00
00
00
00
80
02
00
00
00
00
00
00
80
02
00
00
00
00
00
41
43
19
00
00
00
00
00
41
43
19
00
00
00
00
00
00
10
00
00
00
00
00
00
01
00
00
00
04
00
00
00
00
d0
1b
00
00
00
00
00
00
d0
1b
00
00
00
00
00
00
d0
1b
00
00
00
00
00
24
79
05
00
00
00
00
00
24
79
05
00
00
00
00
00
00
10
00
00
00
00
00
00
01
00
00
00
06
00
00
00
f0
58
21
00
00
00
00
00
f0
68
21
00
00
00
00
00
f0
68
21
00
00
00
00
00
98
4f
00
00
00
00
00
00
60
25
01
00
00
00
00
00
00
10
00
00
00
00
00
00
02
00
00
00
06
00
00
00
c0
8b
21
00
00
00
00
00
c0
9b
21
00
00
00
00
00
c0
9b
21
00
00
00
00
00
d0
01
00
00
00
00
00
00
d0
01
00
00
00
00
00
00
08
00
00
00
00
00
00
00
04
00
00
00
04
00
00
00
50
03
00
00
00
00
00
00
50
03
00
00
00
00
00
00
50
03
00
00
00
00
00
00
30
00
00
00
00
00
00
00
30
00
00
00
00
00
00
00
08
00
00
00
00
00
00
00
04
00
00
00
04
00
00
00
80
03
00
00
00
00
00
00
80
03
00
00
00
00
00
00
80
03
00
00
00
00
00
00
44
00
00
00
00
00
00
00
44
00
00
00
00
00
00
00
04
00
00
00
00
00
00
00
07
00
00
00
04
00
00
00
f0
58
21
00
00
00
00
00
f0
68
21
00
00
00
00
00
f0
68
21
00
00
00
00
00
10
00
00
00
00
00
00
00
90
00
00
00
00
00
00
00
08
00
00
00
00
00
00
00
53
e5
74
64
04
00
00
00
50
03
00
00
00
00
00
00
50
03
00
00
00
00
00
00
50
03
00
00
00
00
00
00
30
00
00
00
00
00
00
00
30
00
00
00
00
00
00
00
08
00
00
00
00
00
00
00
50
e5
74
64
04
00
00
00
4c
3e
1e
00
00
00
00
00
4c
3e
1e
00
00
00
00
00
4c
3e
1e
00
00
00
00
00
d4
70
00
00
00
00
00
00
d4
70
00
00
00
00
00
00
04
00
00
00
00
00
00
00
51
e5
74
64
06
00
00
00
00
00
00
00
00
00
00
00
00
00
00
00
00
00
00
00
00
00
00
00
00
00
00
00
00
00
00
00
00
00
00
00
00
00
00
00
00
00
00
00
10
00
00
00
00
00
00
00
52
e5
74
64
04
00
00
00
f0
58
21
00
00
00
00
00
f0
68
21
00
00
00
00
00
f0
68
21
00
00
00
00
00
10
37
00
00
00
00
00
00
10
37
00
00
00
00
00
00
01
00
00
00
00
00
00
00
04
00
00
00
20
00
00
00
05
00
00
00
47
4e
55
00
02
00
00
c0
04
00
00
00
03
00
00
00
00
00
00
00
02
80
00
c0
04
00
00
00
01
00
00
00
00
00
00
00
04
00
00
00
14
00
00
00
03
00
00
00
47
4e
55
00
96
20
15
aa
9d
13
3c
6c
bc
fb
31
ec
30
05
96
d7
f4
4d
33
48
04
00
00
00
10
00
00
00
01
00
00
00
47
4e
55
00
00
00
00
00
03
00
00
00
02
00
00
00
00
00
00
00
00
00
00
00
ff
03
00
00
12
00
00
00
00
01
00
00
0e
00
00
00
00
30
12
5c
a0
20
13
01
88
03
e6
90
c5
45
8c
00
c4
00
58
00
07
84
20
70
c2
80
01
0d
8a
1c
c1
14
11
80
c8
44
32
08
2a
40
88
56
3c
2d
20
4e
b2
48
26
84
d0
8e
04
0c
00
03
02
0e
b1
ac
3a
0f
66
c8
80
c0
33
00
c0
0c
50
09
20
81
09
94
0b
24
20
28
24
00
84
24
5a
30
10
58
80
ca
44
42
28
00
06
80
10
3a
43
00
a8
54
80
00
49
50
04
51
8a
50
12
04
00
24
00
08
20
20
11
10
48
c8
50
82
b5
00
21
c8
c6
c1
83
a0
db
b4
58
02
08
04
30
50
07
10
04
02
90
44
32
00
20
5a
98
0a
19
04
02
26
00
0d
a0
aa
10
14
38
94
08
50
03
08
42
e5
0a
03
00
19
84
38
61
02
12
10
60
81
20
00
05
cc
24
c8
60
04
01
14
06
80
0a
68
0e
80
8c
44
81
e8
ac
10
00
0d
20
2c
14
08
10
62
14
41
20
44
95
08
d0
6c
63
93
41
82
10
24
a1
00
82
46
80
13
02
08
0e
58
60
a2
0a
05
4c
6b
08
f1
71
81
09
6c
48
e0
20
38
13
00
5d
40
20
03
30
2a
00
07
60
07
0e
43
89
36
40
00
20
41
08
e3
00
20
0b
5b
18
88
c4
30
e3
c6
90
e2
00
4e
81
00
8a
01
40
40
a0
20
00
00
00
08
e2
03
1a
20
82
16
02
31
10
08
00
a9
24
28
62
10
10
74
1a
62
64
62
01
02
0a
20
18
41
60
60
a8
22
06
02
50
22
16
04
b0
88
12
62
6b
8a
86
dc
a8
19
62
63
1d
0a
09
21
08
00
20
02
16
22
38
50
a1
44
44
0c
02
f9
c2
40
68
20
26
84
40
b0
3d
10
a4
a9
c8
80
4c
91
14
20
14
20
00
89
81
0c
00
05
7c
50
1c
2c
c2
36
44
01
00
a1
01
01
44
0c
50
07
c8
ed
e0
9d
fc
28
80
00
10
15
20
00
80
04
46
26
08
6c
41
40
31
81
88
04
f6
80
18
2a
30
22
20
d0
48
06
01
40
c9
89
11
00
c9
80
92
db
3a
36
20
92
26
41
e0
8e
4f
4f
c4
20
4e
00
04
00
04
00
a5
01
b0
cc
11
70
46
7e
0a
2c
90
2d
93
24
f2
00
02
0a
81
0c
80
53
41
04
26
c2
80
69
71
10
00
80
14
41
07
d5
28
80
18
08
a0
08
62
22
52
24
00
02
00
00
90
8a
68
00
21
80
21
80
95
e2
11
68
09
50
74
40
a0
04
41
15
85
40
54
40
72
03
08
18
56
80
00
54
0d
14
48
24
88
00
00
05
14
84
04
10
08
42
00
40
14
96
80
90
55
08
05
49
26
07
94
e1
48
02
00
62
02
96
04
de
9f
63
29
01
0b
08
57
44
48
22
2c
62
90
c1
58
71
22
98
13
90
a0
01
00
08
60
08
08
a5
d0
1d
00
90
09
00
02
14
11
28
1c
80
00
80
2a
41
08
80
01
0a
00
60
04
00
08
1c
04
40
00
e2
00
28
18
39
80
07
84
c0
9a
f3
50
4d
00
01
be
88
00
42
57
10
c4
f0
23
91
1c
6c
15
b0
10
24
d3
0e
a4
08
8a
36
98
05
2a
88
8a
52
98
24
10
49
0a
0c
24
39
18
42
90
24
01
20
f0
40
04
83
15
10
60
10
00
6a
10
79
80
8a
00
8d
20
00
4c
ea
08
20
64
10
33
5c
00
81
12
88
48
ea
80
22
00
29
81
08
40
42
84
38
0d
44
23
8c
98
80
01
34
30
2c
80
04
14
37
00
50
0a
08
a8
0a
10
20
00
55
06
39
10
20
25
3b
40
00
0e
70
0b
69
00
40
00
00
08
46
09
50
04
c0
02
52
04
0c
41
00
01
a0
58
90
c9
48
ff
41
2c
41
18
80
3c
28
e0
23
00
e5
22
c0
d1
01
05
40
40
21
42
14
47
00
0d
4c
91
0f
06
03
0a
26
b4
82
30
81
80
96
40
98
84
52
06
40
10
00
08
21
28
44
88
22
90
86
59
21
51
11
88
00
a0
05
24
81
2e
07
83
28
08
f6
80
d3
a2
01
8a
30
64
40
c1
d4
a0
d3
20
01
04
01
28
34
e9
a4
c1
13
10
50
44
c1
32
0a
52
01
08
90
00
89
60
cc
80
48
0a
61
28
0d
8b
10
23
30
c0
02
74
08
00
01
18
80
88
00
40
a0
80
43
03
60
31
10
a9
3b
b0
14
08
a0
40
a1
82
88
60
4a
94
25
3c
30
d6
d2
a4
18
06
8e
18
b8
88
e1
8f
9c
00
57
8d
08
0b
02
48
92
8e
98
40
1c
50
00
88
01
9c
48
04
92
80
12
b1
f0
14
44
00
ec
48
4e
0d
00
88
14
00
00
00
04
40
80
12
08
8c
8f
10
04
71
70
a1
45
60
62
c5
f0
61
14
05
20
11
80
00
00
00
01
41
05
00
00
40
00
20
00
06
96
02
33
40
b0
67
54
20
44
41
20
03
4a
35
41
0b
00
28
41
30
90
40
c0
09
32
22
04
9d
46
0c
04
08
86
15
20
23
60
10
00
03
10
c0
9a
56
4a
41
80
74
72
99
7a
18
61
b5
80
00
30
20
8c
02
44
61
02
12
40
56
20
92
f9
a0
79
07
21
20
40
c1
a0
b2
20
82
11
42
00
94
74
d0
04
28
c0
c9
45
43
03
04
a0
02
90
42
24
a0
81
10
28
84
04
39
c4
09
14
e0
10
d0
4d
c5
d8
92
e5
c0
01
01
20
68
04
90
14
00
23
04
1c
0c
14
90
60
00
33
85
88
8a
01
00
20
00
12
ef
48
a1
09
94
d9
27
81
02
48
11
91
58
09
d2
2e
e5
06
00
72
80
05
00
48
61
10
63
40
d3
12
e2
01
00
92
5e
0c
03
00
d6
2a
04
1d
08
f4
08
02
3a
b1
00
10
24
08
a8
93
01
4d
29
82
91
60
08
01
c9
00
80
00
02
00
0a
00
35
4c
20
02
02
88
08
00
00
20
10
22
00
00
5a
00
00
53
01
c2
02
01
00
33
11
c2
b5
ce
13
80
1c
81
70
05
28
66
84
60
67
68
88
00
40
3e
12
85
d1
00
20
a2
42
92
10
00
40
04
80
84
58
61
38
00
b8
08
9d
08
00
01
41
c8
00
aa
30
8a
00
05
20
40
b1
08
a0
0c
60
54
b4
e0
98
41
c0
b0
00
19
a4
07
c4
88
90
9a
d1
44
48
03
30
80
62
23
80
80
08
41
08
52
50
55
20
42
0a
15
00
01
00
00
01
10
28
00
c0
84
cb
02
20
1a
09
13
50
82
00
88
43
10
d0
88
4a
41
c0
70
34
29
10
ec
43
23
92
00
31
03
24
83
6a
00
52
10
60
01
48
40
81
a2
28
98
00
48
89
04
82
67
08
57
14
00
08
78
0d
12
05
04
08
cf
30
54
3b
38
42
17
c6
3e
f3
0b
24
a8
00
00
00
a4
00
90
76
32
11
e7
1c
a1
4e
40
49
a4
0c
01
01
80
c2
0c
64
c7
04
81
c3
86
83
19
03
20
10
02
18
2c
2f
eb
d2
a4
d3
80
2a
74
67
04
c4
08
b3
ac
80
00
c0
89
c3
20
f0
00
07
20
0c
a0
14
4a
42
43
ed
18
3c
00
39
08
47
e9
40
03
68
c1
01
2b
b5
3c
a0
58
59
02
60
60
a4
34
00
08
6b
86
6b
18
85
a4
18
37
a8
20
32
0d
e4
a6
23
93
42
70
68
88
e0
80
89
84
00
44
49
3a
11
a0
44
10
00
00
02
20
51
8f
b1
84
d0
10
42
00
00
10
80
88
04
62
14
03
65
c4
d0
86
19
7a
a1
14
89
ae
de
4f
01
00
14
11
12
0e
80
1d
00
a4
2d
00
27
13
07
2a
76
24
26
74
0a
8c
61
19
0c
08
e1
00
08
24
36
24
08
c1
61
45
83
a2
11
c3
04
01
33
10
03
71
00
42
82
ad
84
cc
10
34
08
49
06
48
02
04
ae
24
40
c8
40
02
00
80
10
22
0a
00
c2
e2
60
22
48
00
11
11
00
81
04
4e
82
59
45
44
00
07
02
b4
19
75
00
53
12
0c
01
48
06
24
a0
00
00
d3
01
00
4d
02
00
00
06
4c
e3
28
31
20
0e
1d
32
40
b8
40
84
c2
48
02
90
80
46
c0
8c
c7
00
4e
2b
0a
22
40
00
81
2d
72
20
04
01
a0
c1
08
50
00
04
00
03
91
88
2c
02
01
44
c4
03
09
a2
47
60
e1
40
11
04
10
ac
04
62
40
08
04
18
36
00
00
00
04
02
14
40
39
0e
04
49
5a
20
18
a1
01
10
28
5a
a8
00
40
71
00
02
00
a0
c6
e1
ff
81
10
15
ff
41
16
30
bf
47
20
0e
35
48
db
90
24
a1
68
42
c3
a1
44
80
3d
24
22
a0
e0
40
04
33
06
11
21
40
20
64
08
01
50
08
11
10
00
11
80
83
9a
02
1a
20
54
05
01
e1
03
12
45
80
d2
d4
84
08
22
20
38
00
05
08
03
4a
00
a2
10
00
01
8b
d6
41
41
84
14
04
31
20
99
81
7b
88
6d
c0
82
10
09
08
20
32
98
10
16
0e
1c
9d
61
df
63
c3
36
24
60
04
42
33
30
03
c1
24
88
81
00
92
68
04
08
23
41
18
0f
10
00
18
01
52
42
08
00
50
14
01
80
08
06
ea
14
04
35
3c
90
40
e0
0d
40
04
10
28
01
13
00
c2
00
80
ff
02
d4
11
4c
0e
93
00
22
8c
02
00
f0
92
12
19
04
0c
38
53
00
c0
c8
ef
d8
91
42
20
04
38
29
12
40
70
54
b4
f1
10
00
0a
08
88
21
0c
2d
02
20
a1
16
82
01
00
22
08
e8
9c
30
c0
60
10
31
00
34
18
80
a8
01
35
48
12
00
00
00
18
00
00
00
00
00
00
00
1b
00
00
00
22
00
00
00
27
00
00
00
28
00
00
00
2c
00
00
00
30
00
00
00
34
00
00
00
39
00
00
00
3b
00
00
00
3e
00
00
00
43
00
00
00
46
00
00
00
4a
00
00
00
00
00
00
00
4c
00
00
00
00
00
00
00
4f
00
00
00
53
00
00
00
00
00
00
00
54
00
00
00
56
00
00
00
57
00
00
00
58
00
00
00
5a
00
00
00
5e
00
00
00
62
00
00
00
00
00
00
00
65
00
00
00
6a
00
00
00
6d
00
00
00
6f
00
00
00
70
00
00
00
71
00
00
00
75
00
00
00
77
00
00
00
79
00
00
00
7c
00
00
00
7d
00
00
00
80
00
00
00
85
00
00
00
88
00
00
00
8a
00
00
00
8e
00
00
00
91
00
00
00
92
00
00
00
94
00
00
00
98
00
00
00
99
00
00
00
a0
00
00
00
a2
00
00
00
a7
00
00
00
aa
00
00
00
ae
00
00
00
00
00
00
00
b1
00
00
00
b4
00
00
00
b7
00
00
00
b8
00
00
00
ba
00
00
00
bc
00
00
00
c1
00
00
00
c4
00
00
00
c7
00
00
00
c9
00
00
00
00
00
00
00
cd
00
00
00
d1
00
00
00
d6
00
00
00
d9
00
00
00
de
00
00
00
e0
00
00
00
e2
00
00
00
e6
00
00
00
eb
00
00
00
ee
00
00
00
f2
00
00
00
f4
00
00
00
f6
00
00
00
f7
00
00
00
f9
00
00
00
fb
00
00
00
fc
00
00
00
00
01
00
00
04
01
00
00
08
01
00
00
0a
01
00
00
0e
01
00
00
12
01
00
00
15
01
00
00
00
00
00
00
18
01
00
00
1d
01
00
00
1f
01
00
00
20
01
00
00
23
01
00
00
25
01
00
00
26
01
00
00
28
01
00
00
29
01
00
00
2b
01
00
00
2e
01
00
00
32
01
00
00
34
01
00
00
3b
01
00
00
3e
01
00
00
46
01
00
00
48
01
00
00
4c
01
00
00
4f
01
00
00
52
01
00
00
54
01
00
00
57
01
00
00
5a
01
00
00
5b
01
00
00
5f
01
00
00
62
01
00
00
69
01
00
00
6b
01
00
00
70
01
00
00
72
01
00
00
75
01
00
00
79
01
00
00
7c
01
00
00
7d
01
00
00
80
01
00
00
81
01
00
00
84
01
00
00
00
00
00
00
86
01
00
00
8b
01
00
00
8f
01
00
00
92
01
00
00
96
01
00
00
97
01
00
00
9a
01
00
00
9c
01
00
00
9e
01
00
00
a2
01
00
00
a4
01
00
00
a5
01
00
00
a9
01
00
00
af
01
00
00
00
00
00
00
b3
01
00
00
b7
01
00
00
b8
01
00
00
b9
01
00
00
00
00
00
00
ba
01
00
00
bc
01
00
00
bd
01
00
00
c0
01
00
00
c1
01
00
00
c4
01
00
00
c8
01
00
00
cc
01
00
00
d1
01
00
00
d4
01
00
00
d6
01
00
00
da
01
00
00
df
01
00
00
e3
01
00
00
e5
01
00
00
e8
01
00
00
eb
01
00
00
ee
01
00
00
f1
01
00
00
f5
01
00
00
f9
01
00
00
fc
01
00
00
ff
01
00
00
01
02
00
00
04
02
00
00
08
02
00
00
0b
02
00
00
0e
02
00
00
12
02
00
00
16
02
00
00
00
00
00
00
18
02
00
00
19
02
00
00
1c
02
00
00
1f
02
00
00
00
00
00
00
20
02
00
00
22
02
00
00
23
02
00
00
24
02
00
00
26
02
00
00
27
02
00
00
2a
02
00
00
2e
02
00
00
31
02
00
00
33
02
00
00
34
02
00
00
38
02
00
00
3b
02
00
00
3d
02
00
00
3f
02
00
00
00
00
00
00
45
02
00
00
4a
02
00
00
4c
02
00
00
50
02
00
00
57
02
00
00
58
02
00
00
5c
02
00
00
5f
02
00
00
63
02
00
00
00
00
00
00
6d
02
00
00
00
00
00
00
6f
02
00
00
72
02
00
00
73
02
00
00
75
02
00
00
76
02
00
00
00
00
00
00
7b
02
00
00
81
02
00
00
82
02
00
00
85
02
00
00
8a
02
00
00
8c
02
00
00
90
02
00
00
94
02
00
00
96
02
00
00
98
02
00
00
99
02
00
00
9c
02
00
00
a2
02
00
00
a7
02
00
00
ab
02
00
00
ad
02
00
00
b3
02
00
00
b7
02
00
00
b9
02
00
00
ba
02
00
00
bb
02
00
00
00
00
00
00
bc
02
00
00
bf
02
00
00
c4
02
00
00
c5
02
00
00
cb
02
00
00
00
00
00
00
cd
02
00
00
ce
02
00
00
cf
02
00
00
d1
02
00
00
d3
02
00
00
d5
02
00
00
d7
02
00
00
d8
02
00
00
dd
02
00
00
e2
02
00
00
e5
02
00
00
e9
02
00
00
eb
02
00
00
f0
02
00
00
f6
02
00
00
f8
02
00
00
fa
02
00
00
