7f
45
4c
46
02
01
01
03
00
00
00
00
00
00
00
00
03
00
3e
00
01
00
00
00
90
02
02
00
00
00
00
00
40
00
00
00
00
00
00
00
68
a6
03
00
00
00
00
00
00
00
00
00
40
00
38
00
0b
00
40
00
1b
00
1a
00
01
00
00
00
04
00
00
00
00
00
00
00
00
00
00
00
00
00
00
00
00
00
00
00
00
00
00
00
00
00
00
00
50
1b
00
00
00
00
00
00
50
1b
00
00
00
00
00
00
00
10
00
00
00
00
00
00
01
00
00
00
05
00
00
00
00
20
00
00
00
00
00
00
00
20
00
00
00
00
00
00
00
20
00
00
00
00
00
00
15
93
02
00
00
00
00
00
15
93
02
00
00
00
00
00
00
10
00
00
00
00
00
00
01
00
00
00
04
00
00
00
00
c0
02
00
00
00
00
00
00
c0
02
00
00
00
00
00
00
c0
02
00
00
00
00
00
34
af
00
00
00
00
00
00
34
af
00
00
00
00
00
00
00
10
00
00
00
00
00
00
01
00
00
00
06
00
00
00
20
76
03
00
00
00
00
00
20
86
03
00
00
00
00
00
20
86
03
00
00
00
00
00
f0
2a
00
00
00
00
00
00
b8
2c
00
00
00
00
00
00
00
10
00
00
00
00
00
00
02
00
00
00
06
00
00
00
80
8e
03
00
00
00
00
00
80
9e
03
00
00
00
00
00
80
9e
03
00
00
00
00
00
70
01
00
00
00
00
00
00
70
01
00
00
00
00
00
00
08
00
00
00
00
00
00
00
04
00
00
00
04
00
00
00
a8
02
00
00
00
00
00
00
a8
02
00
00
00
00
00
00
a8
02
00
00
00
00
00
00
20
00
00
00
00
00
00
00
20
00
00
00
00
00
00
00
08
00
00
00
00
00
00
00
04
00
00
00
04
00
00
00
c8
02
00
00
00
00
00
00
c8
02
00
00
00
00
00
00
c8
02
00
00
00
00
00
00
24
00
00
00
00
00
00
00
24
00
00
00
00
00
00
00
04
00
00
00
00
00
00
00
53
e5
74
64
04
00
00
00
a8
02
00
00
00
00
00
00
a8
02
00
00
00
00
00
00
a8
02
00
00
00
00
00
00
20
00
00
00
00
00
00
00
20
00
00
00
00
00
00
00
08
00
00
00
00
00
00
00
50
e5
74
64
04
00
00
00
c4
2f
03
00
00
00
00
00
c4
2f
03
00
00
00
00
00
c4
2f
03
00
00
00
00
00
44
09
00
00
00
00
00
00
44
09
00
00
00
00
00
00
04
00
00
00
00
00
00
00
51
e5
74
64
06
00
00
00
00
00
00
00
00
00
00
00
00
00
00
00
00
00
00
00
00
00
00
00
00
00
00
00
00
00
00
00
00
00
00
00
00
00
00
00
00
00
00
00
10
00
00
00
00
00
00
00
52
e5
74
64
04
00
00
00
20
76
03
00
00
00
00
00
20
86
03
00
00
00
00
00
20
86
03
00
00
00
00
00
e0
19
00
00
00
00
00
00
e0
19
00
00
00
00
00
00
01
00
00
00
00
00
00
00
04
00
00
00
10
00
00
00
05
00
00
00
47
4e
55
00
02
00
00
c0
04
00
00
00
03
00
00
00
00
00
00
00
04
00
00
00
14
00
00
00
03
00
00
00
47
4e
55
00
24
6a
c0
d8
de
ba
5a
40
c6
3e
9a
1a
87
d4
d7
79
d8
eb
58
9f
00
00
00
00
25
00
00
00
28
00
00
00
00
00
00
00
04
00
00
00
1b
00
00
00
01
00
00
00
00
00
00
00
00
00
00
00
06
00
00
00
00
00
00
00
26
00
00
00
27
00
00
00
25
00
00
00
12
00
00
00
1d
00
00
00
22
00
00
00
10
00
00
00
08
00
00
00
00
00
00
00
03
00
00
00
1f
00
00
00
00
00
00
00
05
00
00
00
0c
00
00
00
09
00
00
00
1e
00
00
00
20
00
00
00
00
00
00
00
23
00
00
00
0e
00
00
00
0f
00
00
00
14
00
00
00
00
00
00
00
00
00
00
00
02
00
00
00
00
00
00
00
00
00
00
00
00
00
00
00
00
00
00
00
00
00
00
00
1c
00
00
00
00
00
00
00
00
00
00
00
00
00
00
00
00
00
00
00
00
00
00
00
00
00
00
00
00
00
00
00
19
00
00
00
16
00
00
00
1a
00
00
00
00
00
00
00
00
00
00
00
0d
00
00
00
00
00
00
00
21
00
00
00
00
00
00
00
18
00
00
00
00
00
00
00
00
00
00
00
0a
00
00
00
00
00
00
00
00
00
00
00
00
00
00
00
00
00
00
00
00
00
00
00
24
00
00
00
00
00
00
00
17
00
00
00
00
00
00
00
07
00
00
00
00
00
00
00
11
00
00
00
0b
00
00
00
15
00
00
00
00
00
00
00
00
00
00
00
13
00
00
00
00
00
00
00
00
00
00
00
25
00
00
00
01
00
00
00
04
00
00
00
08
00
00
00
20
34
41
08
18
04
80
17
09
c2
20
c4
05
07
81
02
58
0c
3a
20
10
02
24
84
03
20
a4
a7
10
e4
20
2a
00
00
00
00
01
00
00
00
02
00
00
00
00
00
00
00
03
00
00
00
04
00
00
00
07
00
00
00
08
00
00
00
00
00
00
00
09
00
00
00
0a
00
00
00
0b
00
00
00
0d
00
00
00
00
00
00
00
00
00
00
00
00
00
00
00
00
00
00
00
0f
00
00
00
10
00
00
00
11
00
00
00
15
00
00
00
16
00
00
00
17
00
00
00
18
00
00
00
1a
00
00
00
1c
00
00
00
1e
00
00
00
00
00
00
00
00
00
00
00
21
00
00
00
22
00
00
00
00
00
00
00
00
00
00
00
24
00
00
00
00
00
00
00
25
00
00
00
27
00
00
00
eb
01
46
88
bf
4b
c2
0e
79
70
92
cd
ba
15
73
42
6a
43
28
9f
0b
d6
bb
24
2b
9b
6f
36
6b
80
3c
b2
dd
b9
d7
9f
69
37
4a
b5
a8
94
14
f0
4f
0f
35
57
92
d1
70
ed
9d
b2
54
4e
df
ed
6f
8f
3d
10
75
54
e4
c1
1e
e8
ee
d2
8a
7c
82
95
87
d0
3b
85
eb
1c
d7
6a
fa
a1
55
a9
a5
42
61
a2
92
06
a4
ca
f7
18
c1
2e
5c
7d
cc
3b
ff
cb
d9
3d
6c
f6
d8
3d
6c
f6
39
b7
02
57
ee
b5
bd
85
da
00
5c
c2
9d
04
40
17
23
64
bc
3c
48
de
58
78
5f
9a
7f
67
b5
86
c3
09
e4
55
30
00
0d
f9
f3
c3
0d
f9
f3
c3
00
00
00
00
00
00
00
00
00
00
00
00
00
00
00
00
00
00
00
00
00
00
00
00
a3
01
00
00
12
00
0d
00
60
af
00
00
00
00
00
00
d3
02
00
00
00
00
00
00
83
00
00
00
12
00
0d
00
30
b7
01
00
00
00
00
00
c1
01
00
00
00
00
00
00
f9
01
00
00
11
00
17
00
d8
b1
03
00
00
00
00
00
01
00
00
00
00
00
00
00
7d
02
00
00
11
00
f1
ff
00
00
00
00
00
00
00
00
00
00
00
00
00
00
00
00
93
01
00
00
11
00
12
00
e0
9a
03
00
00
00
00
00
a0
03
00
00
00
00
00
00
e8
01
00
00
12
00
0d
00
a0
47
01
00
00
00
00
00
c7
02
00
00
00
00
00
00
db
01
00
00
11
00
0e
00
b0
2f
03
00
00
00
00
00
04
00
00
00
00
00
00
00
01
00
00
00
11
00
16
00
40
a0
03
00
00
00
00
00
d0
10
00
00
00
00
00
00
7d
01
00
00
12
00
0d
00
f0
44
01
00
00
00
00
00
a1
02
00
00
00
00
00
00
4d
00
00
00
11
00
12
00
90
9a
03
00
00
00
00
00
08
00
00
00
00
00
00
00
d3
00
00
00
11
00
12
00
98
9a
03
00
00
00
00
00
04
00
00
00
00
00
00
00
64
01
00
00
12
00
0d
00
b0
51
00
00
00
00
00
00
3b
00
00
00
00
00
00
00
99
00
00
00
12
00
0d
00
70
4a
01
00
00
00
00
00
83
00
00
00
00
00
00
00
b7
01
00
00
12
00
0d
00
d0
a7
01
00
00
00
00
00
0c
00
00
00
00
00
00
00
ac
00
00
00
12
00
0d
00
10
d1
01
00
00
00
00
00
48
00
00
00
00
00
00
00
4f
02
00
00
11
00
17
00
18
b1
03
00
00
00
00
00
28
00
00
00
00
00
00
00
5e
00
00
00
12
00
0d
00
e0
d2
01
00
00
00
00
00
e3
00
00
00
00
00
00
00
f6
00
00
00
12
00
0d
00
d0
81
01
00
00
00
00
00
41
00
00
00
00
00
00
00
1d
01
00
00
12
00
0d
00
10
50
00
00
00
00
00
00
23
00
00
00
00
00
00
00
30
01
00
00
12
00
0d
00
00
33
00
00
00
00
00
00
05
00
00
00
00
00
00
00
05
01
00
00
12
00
0d
00
f0
43
01
00
00
00
00
00
19
00
00
00
00
00
00
00
20
00
00
00
12
00
0d
00
d0
e1
00
00
00
00
00
00
c4
00
00
00
00
00
00
00
b3
02
00
00
11
00
f1
ff
00
00
00
00
00
00
00
00
00
00
00
00
00
00
00
00
e8
00
00
00
11
00
12
00
e8
8a
03
00
00
00
00
00
08
00
00
00
00
00
00
00
49
01
00
00
12
00
0d
00
10
b3
02
00
00
00
00
00
05
00
00
00
00
00
00
00
72
00
00
00
12
00
0d
00
20
ff
00
00
00
00
00
00
a9
00
00
00
00
00
00
00
89
02
00
00
11
00
f1
ff
00
00
00
00
00
00
00
00
00
00
00
00
00
00
00
00
93
02
00
00
11
00
f1
ff
00
00
00
00
00
00
00
00
00
00
00
00
00
00
00
00
43
02
00
00
11
00
12
00
f0
8a
03
00
00
00
00
00
04
00
00
00
00
00
00
00
c1
00
00
00
12
00
0d
00
70
7d
01
00
00
00
00
00
6d
00
00
00
00
00
00
00
16
02
00
00
12
00
0d
00
60
d1
01
00
00
00
00
00
53
00
00
00
00
00
00
00
27
02
00
00
12
00
0d
00
a0
4b
00
00
00
00
00
00
6c
04
00
00
00
00
00
00
40
01
00
00
11
00
12
00
c0
9a
03
00
00
00
00
00
08
00
00
00
00
00
00
00
d0
01
00
00
12
00
0d
00
b0
07
01
00
00
00
00
00
57
02
00
00
00
00
00
00
58
02
00
00
12
00
0d
00
d0
d3
01
00
00
00
00
00
45
00
00
00
00
00
00
00
38
00
00
00
12
00
0d
00
a0
4a
00
00
00
00
00
00
f4
00
00
00
00
00
00
00
0e
00
00
00
12
00
0d
00
60
b6
01
00
00
00
00
00
cd
00
00
00
00
00
00
00
9d
02
00
00
11
00
f1
ff
00
00
00
00
00
00
00
00
00
00
00
00
00
00
00
00
a8
02
00
00
11
00
f1
ff
00
00
00
00
00
00
00
00
00
00
00
00
00
00
00
00
00
5f
72
74
6c
64
5f
67
6c
6f
62
61
6c
00
5f
64
6c
5f
61
75
64
69
74
5f
70
72
65
69
6e
69
74
00
5f
64
6c
5f
66
69
6e
64
5f
64
73
6f
5f
66
6f
72
5f
6f
62
6a
65
63
74
00
5f
64
6c
5f
65
78
63
65
70
74
69
6f
6e
5f
63
72
65
61
74
65
00
5f
5f
6c
69
62
63
5f
73
74
61
63
6b
5f
65
6e
64
00
5f
64
6c
5f
63
61
74
63
68
5f
65
78
63
65
70
74
69
6f
6e
00
5f
64
6c
5f
66
61
74
61
6c
5f
70
72
69
6e
74
66
00
5f
64
6c
5f
61
75
64
69
74
5f
73
79
6d
62
69
6e
64
5f
61
6c
74
00
5f
64
6c
5f
64
65
61
6c
6c
6f
63
61
74
65
5f
74
6c
73
00
5f
64
6c
5f
73
69
67
6e
61
6c
5f
65
78
63
65
70
74
69
6f
6e
00
5f
5f
74
75
6e
61
62
6c
65
5f
67
65
74
5f
76
61
6c
00
5f
5f
6c
69
62
63
5f
65
6e
61
62
6c
65
5f
73
65
63
75
72
65
00
5f
5f
72
73
65
71
5f
6f
66
66
73
65
74
00
5f
5f
74
6c
73
5f
67
65
74
5f
61
64
64
72
00
5f
64
6c
5f
67
65
74
5f
74
6c
73
5f
73
74
61
74
69
63
5f
69
6e
66
6f
00
5f
64
6c
5f
65
78
63
65
70
74
69
6f
6e
5f
66
72
65
65
00
5f
64
6c
5f
64
65
62
75
67
5f
73
74
61
74
65
00
5f
64
6c
5f
61
72
67
76
00
5f
5f
72
74
6c
64
5f
76
65
72
73
69
6f
6e
5f
70
6c
61
63
65
68
6f
6c
64
65
72
00
5f
5f
6e
70
74
6c
5f
63
68
61
6e
67
65
5f
73
74
61
63
6b
5f
70
65
72
6d
00
5f
64
6c
5f
61
6c
6c
6f
63
61
74
65
5f
74
6c
73
5f
69
6e
69
74
00
5f
72
74
6c
64
5f
67
6c
6f
62
61
6c
5f
72
6f
00
5f
64
6c
5f
72
74
6c
64
5f
64
69
5f
73
65
72
69
6e
66
6f
00
5f
64
6c
5f
78
38
36
5f
67
65
74
5f
63
70
75
5f
66
65
61
74
75
72
65
73
00
5f
64
6c
5f
6d
63
6f
75
6e
74
00
5f
5f
72
73
65
71
5f
66
6c
61
67
73
00
5f
64
6c
5f
61
6c
6c
6f
63
61
74
65
5f
74
6c
73
00
5f
5f
6e
70
74
6c
5f
69
6e
69
74
69
61
6c
5f
72
65
70
6f
72
74
5f
65
76
65
6e
74
73
00
5f
64
6c
5f
73
69
67
6e
61
6c
5f
65
72
72
6f
72
00
5f
64
6c
5f
65
78
63
65
70
74
69
6f
6e
5f
63
72
65
61
74
65
5f
66
6f
72
6d
61
74
00
5f
5f
72
73
65
71
5f
73
69
7a
65
00
5f
72
5f
64
65
62
75
67
00
5f
64
6c
5f
63
61
74
63
68
5f
65
72
72
6f
72
00
6c
64
2d
6c
69
6e
75
78
2d
78
38
36
2d
36
34
2e
73
6f
2e
32
00
47
4c
49
42
43
5f
32
2e
32
2e
35
00
47
4c
49
42
43
5f
32
2e
33
00
47
4c
49
42
43
5f
32
2e
34
00
47
4c
49
42
43
5f
32
2e
33
34
00
47
4c
49
42
43
5f
32
2e
33
35
00
47
4c
49
42
43
5f
50
52
49
56
41
54
45
00
00
00
00
07
00
07
00
07
00
02
00
07
00
07
00
06
00
07
00
07
00
02
00
07
00
07
00
07
00
07
00
07
00
02
00
07
00
03
00
07
00
07
00
07
00
07
00
07
00
06
00
05
80
07
00
03
00
04
00
06
00
07
00
07
00
07
00
07
00
02
00
07
00
07
00
07
00
05
00
06
00
00
00
00
00
00
00
01
00
01
00
01
00
01
00
f2
3b
7d
07
14
00
00
00
1c
00
00
00
68
02
00
00
00
00
00
00
01
00
00
00
02
00
01
00
75
1a
69
09
14
00
00
00
1c
00
00
00
7d
02
00
00
00
00
00
00
01
00
00
00
03
00
02
00
13
69
69
0d
14
00
00
00
24
00
00
00
89
02
00
00
08
00
00
00
7d
02
00
00
00
00
00
00
01
00
00
00
04
00
02
00
14
69
69
0d
14
00
00
00
24
00
00
00
93
02
00
00
08
00
00
00
89
02
00
00
00
00
00
00
01
00
00
00
05
00
02
00
b4
91
96
06
14
00
00
00
24
00
00
00
9d
02
00
00
08
00
00
00
93
02
00
00
00
00
00
00
01
00
00
00
06
00
02
00
b5
91
96
06
14
00
00
00
24
00
00
00
a8
02
00
00
08
00
00
00
9d
02
00
00
00
00
00
00
01
00
00
00
07
00
02
00
85
cf
63
09
14
00
00
00
00
00
00
00
b3
02
00
00
08
00
00
00
a8
02
00
00
00
00
00
00
00
00
00
00
20
86
03
00
00
00
00
00
08
00
00
00
00
00
00
00
41
f0
02
00
00
00
00
00
28
86
03
00
00
00
00
00
08
00
00
00
00
00
00
00
c9
e8
02
00
00
00
00
00
30
86
03
00
00
00
00
00
08
00
00
00
00
00
00
00
af
e8
02
00
00
00
00
00
38
86
03
00
00
00
00
00
08
00
00
00
00
00
00
00
49
f0
02
00
00
00
00
00
40
86
03
00
00
00
00
00
08
00
00
00
00
00
00
00
59
f0
02
00
00
00
00
00
48
86
03
00
00
00
00
00
08
00
00
00
00
00
00
00
e1
e8
02
00
00
00
00
00
50
86
03
00
00
00
00
00
08
00
00
00
00
00
00
00
71
f0
02
00
00
00
00
00
58
86
03
00
00
00
00
00
08
00
00
00
00
00
00
00
8b
f0
02
00
00
00
00
00
60
86
03
00
00
00
00
00
08
00
00
00
00
00
00
00
a2
f0
02
00
00
00
00
00
68
86
03
00
00
00
00
00
08
00
00
00
00
00
00
00
b4
f0
02
00
00
00
00
00
70
86
03
00
00
00
00
00
08
00
00
00
00
00
00
00
c8
f0
02
00
00
00
00
00
78
86
03
00
00
00
00
00
08
00
00
00
00
00
00
00
48
2b
03
00
00
00
00
00
80
86
03
00
00
00
00
00
08
00
00
00
00
00
00
00
87
e8
02
00
00
00
00
00
88
86
03
00
00
00
00
00
08
00
00
00
00
00
00
00
f4
e8
02
00
00
00
00
00
90
86
03
00
00
00
00
00
08
00
00
00
00
00
00
00
db
f0
02
00
00
00
00
00
98
86
03
00
00
00
00
00
08
00
00
00
00
00
00
00
e7
f0
02
00
00
00
00
00
a0
86
03
00
00
00
00
00
08
00
00
00
00
00
00
00
fd
f0
02
00
00
00
00
00
a8
86
03
00
00
00
00
00
08
00
00
00
00
00
00
00
15
f1
02
00
00
00
00
00
b0
86
03
00
00
00
00
00
08
00
00
00
00
00
00
00
21
f1
02
00
00
00
00
00
b8
86
03
00
00
00
00
00
08
00
00
00
00
00
00
00
3b
f1
02
00
00
00
00
00
c0
86
03
00
00
00
00
00
08
00
00
00
00
00
00
00
4a
f1
02
00
00
00
00
00
c8
86
03
00
00
00
00
00
08
00
00
00
00
00
00
00
5a
f1
02
00
00
00
00
00
d0
86
03
00
00
00
00
00
08
00
00
00
00
00
00
00
9e
e8
02
00
00
00
00
00
d8
86
03
00
00
00
00
00
08
00
00
00
00
00
00
00
69
f1
02
00
00
00
00
00
e0
86
03
00
00
00
00
00
08
00
00
00
00
00
00
00
87
f1
02
00
00
00
00
00
e8
86
03
00
00
00
00
00
08
00
00
00
00
00
00
00
70
2b
03
00
00
00
00
00
f0
86
03
00
00
00
00
00
08
00
00
00
00
00
00
00
9b
f1
02
00
00
00
00
00
f8
86
03
00
00
00
00
00
08
00
00
00
00
00
00
00
aa
f1
02
00
00
00
00
00
00
87
03
00
00
00
00
00
