7f
45
4c
46
02
01
01
00
00
00
00
00
00
00
00
00
03
00
3e
00
01
00
00
00
c0
10
00
00
00
00
00
00
40
00
00
00
00
00
00
00
38
41
05
00
00
00
00
00
00
00
00
00
40
00
38
00
0b
00
40
00
1b
00
1a
00
01
00
00
00
04
00
00
00
00
00
00
00
00
00
00
00
00
00
00
00
00
00
00
00
00
00
00
00
00
00
00
00
08
0c
00
00
00
00
00
00
08
0c
00
00
00
00
00
00
00
10
00
00
00
00
00
00
01
00
00
00
05
00
00
00
00
10
00
00
00
00
00
00
00
10
00
00
00
00
00
00
00
10
00
00
00
00
00
00
f5
18
00
00
00
00
00
00
f5
18
00
00
00
00
00
00
00
10
00
00
00
00
00
00
01
00
00
00
04
00
00
00
00
30
00
00
00
00
00
00
00
30
00
00
00
00
00
00
00
30
00
00
00
00
00
00
70
0c
05
00
00
00
00
00
70
0c
05
00
00
00
00
00
00
10
00
00
00
00
00
00
01
00
00
00
06
00
00
00
a8
3d
05
00
00
00
00
00
a8
4d
05
00
00
00
00
00
a8
4d
05
00
00
00
00
00
60
02
00
00
00
00
00
00
68
02
00
00
00
00
00
00
00
10
00
00
00
00
00
00
02
00
00
00
06
00
00
00
b8
3d
05
00
00
00
00
00
b8
4d
05
00
00
00
00
00
b8
4d
05
00
00
00
00
00
f0
01
00
00
00
00
00
00
f0
01
00
00
00
00
00
00
08
00
00
00
00
00
00
00
04
00
00
00
04
00
00
00
a8
02
00
00
00
00
00
00
a8
02
00
00
00
00
00
00
a8
02
00
00
00
00
00
00
20
00
00
00
00
00
00
00
20
00
00
00
00
00
00
00
08
00
00
00
00
00
00
00
04
00
00
00
04
00
00
00
c8
02
00
00
00
00
00
00
c8
02
00
00
00
00
00
00
c8
02
00
00
00
00
00
00
24
00
00
00
00
00
00
00
24
00
00
00
00
00
00
00
04
00
00
00
00
00
00
00
53
e5
74
64
04
00
00
00
a8
02
00
00
00
00
00
00
a8
02
00
00
00
00
00
00
a8
02
00
00
00
00
00
00
20
00
00
00
00
00
00
00
20
00
00
00
00
00
00
00
08
00
00
00
00
00
00
00
50
e5
74
64
04
00
00
00
48
36
05
00
00
00
00
00
48
36
05
00
00
00
00
00
48
36
05
00
00
00
00
00
24
01
00
00
00
00
00
00
24
01
00
00
00
00
00
00
04
00
00
00
00
00
00
00
51
e5
74
64
06
00
00
00
00
00
00
00
00
00
00
00
00
00
00
00
00
00
00
00
00
00
00
00
00
00
00
00
00
00
00
00
00
00
00
00
00
00
00
00
00
00
00
00
10
00
00
00
00
00
00
00
52
e5
74
64
04
00
00
00
a8
3d
05
00
00
00
00
00
a8
4d
05
00
00
00
00
00
a8
4d
05
00
00
00
00
00
58
02
00
00
00
00
00
00
58
02
00
00
00
00
00
00
01
00
00
00
00
00
00
00
04
00
00
00
10
00
00
00
05
00
00
00
47
4e
55
00
02
00
00
c0
04
00
00
00
03
00
00
00
00
00
00
00
04
00
00
00
14
00
00
00
03
00
00
00
47
4e
55
00
b4
8d
33
c9
d7
14
26
b0
af
e2
86
5d
f3
2c
03
1e
68
4c
7e
c3
00
00
00
00
11
00
00
00
09
00
00
00
04
00
00
00
08
00
00
00
80
40
20
22
30
04
00
1b
01
20
83
78
18
b0
10
20
10
00
20
00
80
08
08
00
02
e0
c9
08
1e
ab
0c
00
09
00
00
00
0b
00
00
00
00
00
00
00
00
00
00
00
0c
00
00
00
10
00
00
00
13
00
00
00
14
00
00
00
00
00
00
00
16
00
00
00
18
00
00
00
19
00
00
00
1a
00
00
00
1c
00
00
00
1d
00
00
00
21
00
00
00
24
00
00
00
c0
28
90
74
63
00
14
99
6d
5c
6d
86
e2
29
dc
5e
aa
27
ea
79
f2
8d
5e
02
eb
2f
2f
b9
2a
99
30
88
1c
4e
43
23
cf
72
8d
7a
6f
cd
71
f0
56
d1
32
78
25
95
f9
fc
b2
04
c3
27
e5
2d
7e
34
07
79
21
35
65
10
74
cc
84
95
77
7a
5d
5b
ab
eb
3d
e4
48
5f
f2
d0
7e
b9
7c
5c
0c
e3
5e
50
3e
65
d7
d3
aa
eb
d6
d3
aa
eb
e0
4f
05
61
39
fb
81
26
6c
f4
55
36
da
63
e4
da
e3
4f
05
61
00
00
00
00
00
00
00
00
00
00
00
00
00
00
00
00
00
00
00
00
00
00
00
00
00
00
00
00
54
02
00
00
12
00
00
00
00
00
00
00
00
00
00
00
00
00
00
00
00
00
00
00
10
00
00
00
20
00
00
00
00
00
00
00
00
00
00
00
00
00
00
00
00
00
00
00
e2
01
00
00
12
00
00
00
00
00
00
00
00
00
00
00
00
00
00
00
00
00
00
00
01
00
00
00
20
00
00
00
00
00
00
00
00
00
00
00
00
00
00
00
00
00
00
00
45
02
00
00
12
00
00
00
00
00
00
00
00
00
00
00
00
00
00
00
00
00
00
00
4c
02
00
00
12
00
00
00
00
00
00
00
00
00
00
00
00
00
00
00
00
00
00
00
2c
00
00
00
20
00
00
00
00
00
00
00
00
00
00
00
00
00
00
00
00
00
00
00
46
00
00
00
22
00
00
00
00
00
00
00
00
00
00
00
00
00
00
00
00
00
00
00
9c
02
00
00
12
00
0e
00
a0
28
00
00
00
00
00
00
45
00
00
00
00
00
00
00
06
02
00
00
12
00
0e
00
e0
20
00
00
00
00
00
00
d1
03
00
00
00
00
00
00
05
01
00
00
12
00
0e
00
60
16
00
00
00
00
00
00
0b
00
00
00
00
00
00
00
ce
00
00
00
12
00
0e
00
d0
15
00
00
00
00
00
00
43
00
00
00
00
00
00
00
1d
01
00
00
12
00
0e
00
70
16
00
00
00
00
00
00
63
00
00
00
00
00
00
00
a0
00
00
00
12
00
0e
00
e0
14
00
00
00
00
00
00
1e
00
00
00
00
00
00
00
66
00
00
00
12
00
0e
00
c0
12
00
00
00
00
00
00
0c
00
00
00
00
00
00
00
b9
00
00
00
12
00
0e
00
00
15
00
00
00
00
00
00
cc
00
00
00
00
00
00
00
72
01
00
00
12
00
0e
00
30
18
00
00
00
00
00
00
1c
00
00
00
00
00
00
00
2e
01
00
00
12
00
0e
00
e0
16
00
00
00
00
00
00
63
00
00
00
00
00
00
00
7f
00
00
00
12
00
0e
00
d0
12
00
00
00
00
00
00
70
00
00
00
00
00
00
00
31
02
00
00
12
00
0e
00
60
26
00
00
00
00
00
00
e5
00
00
00
00
00
00
00
55
00
00
00
12
00
0e
00
b0
12
00
00
00
00
00
00
0c
00
00
00
00
00
00
00
97
01
00
00
12
00
0e
00
70
18
00
00
00
00
00
00
22
00
00
00
00
00
00
00
50
01
00
00
12
00
0e
00
c0
17
00
00
00
00
00
00
28
00
00
00
00
00
00
00
61
01
00
00
12
00
0e
00
f0
17
00
00
00
00
00
00
37
00
00
00
00
00
00
00
1f
02
00
00
12
00
0e
00
c0
24
00
00
00
00
00
00
98
01
00
00
00
00
00
00
3f
01
00
00
12
00
0e
00
50
17
00
00
00
00
00
00
63
00
00
00
00
00
00
00
59
02
00
00
12
00
0e
00
50
27
00
00
00
00
00
00
0f
00
00
00
00
00
00
00
b3
02
00
00
11
00
10
00
60
31
00
00
00
00
00
00
00
01
00
00
00
00
00
00
e4
00
00
00
12
00
0e
00
20
16
00
00
00
00
00
00
35
00
00
00
00
00
00
00
85
01
00
00
12
00
0e
00
50
18
00
00
00
00
00
00
15
00
00
00
00
00
00
00
f3
01
00
00
12
00
0e
00
c0
20
00
00
00
00
00
00
17
00
00
00
00
00
00
00
73
02
00
00
12
00
0e
00
b0
27
00
00
00
00
00
00
45
00
00
00
00
00
00
00
66
02
00
00
12
00
0e
00
60
27
00
00
00
00
00
00
45
00
00
00
00
00
00
00
8e
02
00
00
12
00
0e
00
50
28
00
00
00
00
00
00
45
00
00
00
00
00
00
00
c8
01
00
00
12
00
0e
00
40
1e
00
00
00
00
00
00
7b
02
00
00
00
00
00
00
8f
00
00
00
12
00
0e
00
40
13
00
00
00
00
00
00
94
01
00
00
00
00
00
00
b0
01
00
00
12
00
0e
00
a0
18
00
00
00
00
00
00
aa
04
00
00
00
00
00
00
80
02
00
00
12
00
0e
00
00
28
00
00
00
00
00
00
45
00
00
00
00
00
00
00
00
5f
5f
67
6d
6f
6e
5f
73
74
61
72
74
5f
5f
00
5f
49
54
4d
5f
64
65
72
65
67
69
73
74
65
72
54
4d
43
6c
6f
6e
65
54
61
62
6c
65
00
5f
49
54
4d
5f
72
65
67
69
73
74
65
72
54
4d
43
6c
6f
6e
65
54
61
62
6c
65
00
5f
5f
63
78
61
5f
66
69
6e
61
6c
69
7a
65
00
75
74
66
38
70
72
6f
63
5f
76
65
72
73
69
6f
6e
00
75
74
66
38
70
72
6f
63
5f
75
6e
69
63
6f
64
65
5f
76
65
72
73
69
6f
6e
00
75
74
66
38
70
72
6f
63
5f
65
72
72
6d
73
67
00
75
74
66
38
70
72
6f
63
5f
69
74
65
72
61
74
65
00
75
74
66
38
70
72
6f
63
5f
63
6f
64
65
70
6f
69
6e
74
5f
76
61
6c
69
64
00
75
74
66
38
70
72
6f
63
5f
65
6e
63
6f
64
65
5f
63
68
61
72
00
75
74
66
38
70
72
6f
63
5f
67
65
74
5f
70
72
6f
70
65
72
74
79
00
75
74
66
38
70
72
6f
63
5f
67
72
61
70
68
65
6d
65
5f
62
72
65
61
6b
5f
73
74
61
74
65
66
75
6c
00
75
74
66
38
70
72
6f
63
5f
67
72
61
70
68
65
6d
65
5f
62
72
65
61
6b
00
75
74
66
38
70
72
6f
63
5f
74
6f
6c
6f
77
65
72
00
75
74
66
38
70
72
6f
63
5f
74
6f
75
70
70
65
72
00
75
74
66
38
70
72
6f
63
5f
74
6f
74
69
74
6c
65
00
75
74
66
38
70
72
6f
63
5f
69
73
6c
6f
77
65
72
00
75
74
66
38
70
72
6f
63
5f
69
73
75
70
70
65
72
00
75
74
66
38
70
72
6f
63
5f
63
68
61
72
77
69
64
74
68
00
75
74
66
38
70
72
6f
63
5f
63
61
74
65
67
6f
72
79
00
75
74
66
38
70
72
6f
63
5f
63
61
74
65
67
6f
72
79
5f
73
74
72
69
6e
67
00
75
74
66
38
70
72
6f
63
5f
64
65
63
6f
6d
70
6f
73
65
5f
63
68
61
72
00
75
74
66
38
70
72
6f
63
5f
64
65
63
6f
6d
70
6f
73
65
5f
63
75
73
74
6f
6d
00
5f
5f
73
74
61
63
6b
5f
63
68
6b
5f
66
61
69
6c
00
75
74
66
38
70
72
6f
63
5f
64
65
63
6f
6d
70
6f
73
65
00
75
74
66
38
70
72
6f
63
5f
6e
6f
72
6d
61
6c
69
7a
65
5f
75
74
66
33
32
00
75
74
66
38
70
72
6f
63
5f
72
65
65
6e
63
6f
64
65
00
75
74
66
38
70
72
6f
63
5f
6d
61
70
5f
63
75
73
74
6f
6d
00
6d
61
6c
6c
6f
63
00
72
65
61
6c
6c
6f
63
00
66
72
65
65
00
75
74
66
38
70
72
6f
63
5f
6d
61
70
00
75
74
66
38
70
72
6f
63
5f
4e
46
44
00
75
74
66
38
70
72
6f
63
5f
4e
46
43
00
75
74
66
38
70
72
6f
63
5f
4e
46
4b
44
00
75
74
66
38
70
72
6f
63
5f
4e
46
4b
43
00
75
74
66
38
70
72
6f
63
5f
4e
46
4b
43
5f
43
61
73
65
66
6f
6c
64
00
75
74
66
38
70
72
6f
63
5f
75
74
66
38
63
6c
61
73
73
00
6c
69
62
63
2e
73
6f
2e
36
00
6c
69
62
75
74
66
38
70
72
6f
63
2e
73
6f
2e
32
00
47
4c
49
42
43
5f
32
2e
34
00
47
4c
49
42
43
5f
32
2e
32
2e
35
00
00
00
00
02
00
01
00
03
00
01
00
02
00
02
00
01
00
02
00
01
00
01
00
01
00
01
00
01
00
01
00
01
00
01
00
01
00
01
00
01
00
01
00
01
00
01
00
01
00
01
00
01
00
01
00
01
00
01
00
01
00
01
00
01
00
01
00
01
00
01
00
01
00
01
00
01
00
01
00
00
00
01
00
02
00
c6
02
00
00
10
00
00
00
00
00
00
00
14
69
69
0d
00
00
03
00
e1
02
00
00
10
00
00
00
75
1a
69
09
00
00
02
00
eb
02
00
00
00
00
00
00
a8
4d
05
00
00
00
00
00
08
00
00
00
00
00
00
00
70
11
00
00
00
00
00
00
b0
4d
05
00
00
00
00
00
08
00
00
00
00
00
00
00
30
11
00
00
00
00
00
00
00
50
05
00
00
00
00
00
08
00
00
00
00
00
00
00
00
50
05
00
00
00
00
00
e0
4f
05
00
00
00
00
00
06
00
00
00
02
00
00
00
00
00
00
00
00
00
00
00
e8
4f
05
00
00
00
00
00
06
00
00
00
04
00
00
00
00
00
00
00
00
00
00
00
f0
4f
05
00
00
00
00
00
06
00
00
00
07
00
00
00
00
00
00
00
00
00
00
00
f8
4f
05
00
00
00
00
00
06
00
00
00
08
00
00
00
00
00
00
00
00
00
00
00
c0
4f
05
00
00
00
00
00
07
00
00
00
01
00
00
00
00
00
00
00
00
00
00
00
c8
4f
05
00
00
00
00
00
07
00
00
00
03
00
00
00
00
00
00
00
00
00
00
00
d0
4f
05
00
00
00
00
00
07
00
00
00
05
00
00
00
00
00
00
00
00
00
00
00
d8
4f
05
00
00
00
00
00
07
00
00
00
06
00
00
00
00
00
00
00
00
00
00
00
00
00
00
00
00
00
00
00
00
00
00
00
00
00
00
00
00
00
00
00
00
00
00
00
00
00
00
00
00
00
00
00
00
00
00
00
00
00
00
00
00
00
00
00
00
00
00
00
00
00
00
00
00
00
00
00
00
00
00
00
00
00
00
00
00
00
00
00
00
00
00
00
00
00
00
00
00
00
00
00
00
00
00
00
00
00
00
00
00
00
00
00
00
00
00
00
00
00
00
00
00
00
00
00
00
00
00
00
00
00
00
00
00
00
00
00
00
00
00
00
00
00
00
00
00
00
00
00
00
00
00
00
00
00
00
00
00
00
00
00
00
00
00
00
00
00
00
00
00
00
00
00
00
00
00
00
00
00
00
00
00
00
00
00
00
00
00
00
00
00
00
00
00
00
00
00
00
00
00
00
00
00
00
00
00
00
00
00
00
00
00
00
00
00
00
00
00
00
00
00
00
00
00
00
00
00
00
00
00
00
00
00
00
00
00
00
00
00
00
00
00
00
00
00
00
00
00
00
00
00
00
00
00
00
00
00
00
00
00
00
00
00
00
00
00
00
00
00
00
00
00
00
00
00
00
00
00
00
00
00
00
00
00
00
00
00
00
00
00
00
00
00
00
00
00
00
00
00
00
00
00
00
00
00
00
00
00
00
00
00
00
00
00
00
00
00
00
00
00
00
00
00
00
00
00
00
00
00
00
00
00
00
00
00
00
00
00
00
00
00
00
00
00
00
00
00
00
00
00
00
00
00
00
00
00
00
00
00
00
00
00
00
00
00
00
00
00
00
00
00
00
00
00
00
00
00
00
00
00
00
00
00
00
00
00
00
00
00
00
00
00
00
00
00
00
00
00
00
00
00
00
00
00
00
00
00
00
00
00
00
00
00
00
00
00
00
00
00
00
00
00
00
00
00
00
00
00
00
00
00
00
00
00
00
00
00
00
00
00
00
00
00
00
00
00
00
00
00
00
00
00
00
00
00
00
00
00
00
00
00
00
00
00
00
00
00
00
00
00
00
00
00
00
00
00
00
00
00
00
00
00
00
00
00
00
00
00
00
00
00
00
00
00
00
00
00
00
00
00
00
00
00
00
00
00
00
00
00
00
00
00
00
00
00
00
00
00
00
00
00
00
00
00
00
00
00
00
00
00
00
00
00
00
00
00
00
00
00
00
00
00
00
00
00
00
00
00
00
00
00
00
00
00
00
00
00
00
00
00
00
00
00
00
00
00
00
00
00
00
00
00
00
00
00
00
00
00
00
00
00
00
00
00
00
00
00
00
00
00
00
00
00
00
00
00
00
00
00
00
00
00
00
00
00
00
00
00
00
00
00
00
00
00
00
00
00
00
00
00
00
00
00
00
00
00
00
00
00
00
00
00
00
00
00
00
00
00
00
00
00
00
00
00
00
00
00
00
00
00
00
00
00
00
00
00
00
00
00
00
00
00
00
00
00
00
00
00
00
00
00
00
00
00
00
00
00
00
00
00
00
00
00
00
00
00
00
00
00
00
00
00
00
00
00
00
00
00
00
00
00
00
00
00
00
00
00
00
00
00
00
00
00
00
00
00
00
00
00
00
00
00
00
00
00
00
00
00
00
00
00
00
00
00
00
00
00
00
00
00
00
00
00
00
00
00
00
00
00
00
00
00
00
00
00
00
00
00
00
00
00
00
00
00
00
00
00
00
00
00
00
00
00
00
00
00
00
00
00
00
00
00
00
00
00
00
00
00
00
00
00
00
00
00
00
00
00
00
00
00
00
00
00
00
00
00
00
00
00
00
00
00
00
00
00
00
00
00
00
00
00
00
00
00
00
00
00
00
00
00
00
00
00
00
00
00
00
00
00
00
00
00
00
00
00
00
00
00
00
00
00
00
00
00
00
00
00
00
00
00
00
00
00
00
00
00
00
00
00
00
00
00
00
00
00
00
00
00
00
00
00
00
00
00
00
00
00
00
00
00
00
00
00
00
00
00
00
00
00
00
00
00
00
00
00
00
00
00
00
00
00
00
00
00
00
00
00
00
00
00
00
00
00
00
00
00
00
00
00
00
00
00
00
00
00
00
00
00
00
00
00
00
00
00
00
00
00
00
00
00
00
00
00
00
00
00
00
00
00
00
00
00
00
00
00
00
00
00
00
00
00
00
00
00
00
00
00
00
00
00
00
00
00
00
00
00
00
00
00
00
00
00
00
00
00
00
00
00
00
00
00
00
00
00
00
00
00
00
00
00
00
00
00
00
00
00
00
00
00
00
00
00
00
00
00
00
00
00
00
00
00
00
00
00
00
00
00
