7f
45
4c
46
02
01
01
00
00
00
00
00
00
00
00
00
03
00
3e
00
01
00
00
00
00
00
00
00
00
00
00
00
40
00
00
00
00
00
00
00
d8
11
02
00
00
00
00
00
00
00
00
00
40
00
38
00
0b
00
40
00
1e
00
1d
00
01
00
00
00
04
00
00
00
00
00
00
00
00
00
00
00
00
00
00
00
00
00
00
00
00
00
00
00
00
00
00
00
68
07
00
00
00
00
00
00
68
07
00
00
00
00
00
00
00
10
00
00
00
00
00
00
01
00
00
00
05
00
00
00
00
10
00
00
00
00
00
00
00
10
00
00
00
00
00
00
00
10
00
00
00
00
00
00
c5
05
00
00
00
00
00
00
c5
05
00
00
00
00
00
00
00
10
00
00
00
00
00
00
01
00
00
00
04
00
00
00
00
20
00
00
00
00
00
00
00
20
00
00
00
00
00
00
00
20
00
00
00
00
00
00
84
ec
01
00
00
00
00
00
84
ec
01
00
00
00
00
00
00
10
00
00
00
00
00
00
01
00
00
00
06
00
00
00
f0
0c
02
00
00
00
00
00
f0
1c
02
00
00
00
00
00
f0
1c
02
00
00
00
00
00
40
03
00
00
00
00
00
00
48
03
00
00
00
00
00
00
00
10
00
00
00
00
00
00
02
00
00
00
06
00
00
00
10
0e
02
00
00
00
00
00
10
1e
02
00
00
00
00
00
10
1e
02
00
00
00
00
00
d0
01
00
00
00
00
00
00
d0
01
00
00
00
00
00
00
08
00
00
00
00
00
00
00
04
00
00
00
04
00
00
00
a8
02
00
00
00
00
00
00
a8
02
00
00
00
00
00
00
a8
02
00
00
00
00
00
00
20
00
00
00
00
00
00
00
20
00
00
00
00
00
00
00
08
00
00
00
00
00
00
00
04
00
00
00
04
00
00
00
c8
02
00
00
00
00
00
00
c8
02
00
00
00
00
00
00
c8
02
00
00
00
00
00
00
24
00
00
00
00
00
00
00
24
00
00
00
00
00
00
00
04
00
00
00
00
00
00
00
53
e5
74
64
04
00
00
00
a8
02
00
00
00
00
00
00
a8
02
00
00
00
00
00
00
a8
02
00
00
00
00
00
00
20
00
00
00
00
00
00
00
20
00
00
00
00
00
00
00
08
00
00
00
00
00
00
00
50
e5
74
64
04
00
00
00
00
0b
02
00
00
00
00
00
00
0b
02
00
00
00
00
00
00
0b
02
00
00
00
00
00
5c
00
00
00
00
00
00
00
5c
00
00
00
00
00
00
00
04
00
00
00
00
00
00
00
51
e5
74
64
06
00
00
00
00
00
00
00
00
00
00
00
00
00
00
00
00
00
00
00
00
00
00
00
00
00
00
00
00
00
00
00
00
00
00
00
00
00
00
00
00
00
00
00
10
00
00
00
00
00
00
00
52
e5
74
64
04
00
00
00
f0
0c
02
00
00
00
00
00
f0
1c
02
00
00
00
00
00
f0
1c
02
00
00
00
00
00
10
03
00
00
00
00
00
00
10
03
00
00
00
00
00
00
01
00
00
00
00
00
00
00
04
00
00
00
10
00
00
00
05
00
00
00
47
4e
55
00
02
00
00
c0
04
00
00
00
03
00
00
00
00
00
00
00
04
00
00
00
14
00
00
00
03
00
00
00
47
4e
55
00
43
a7
29
67
cf
84
15
59
14
c8
b3
e9
15
92
67
33
d1
e5
7c
11
00
00
00
00
03
00
00
00
07
00
00
00
01
00
00
00
06
00
00
00
b0
21
02
08
1d
20
20
80
07
00
00
00
08
00
00
00
0b
00
00
00
45
7d
9f
ec
4c
b4
f6
dd
0c
c2
9d
c6
25
42
a9
e4
7e
81
33
eb
60
ab
34
d6
e2
46
0f
27
c7
28
db
0c
00
00
00
00
00
00
00
00
00
00
00
00
00
00
00
00
00
00
00
00
00
00
00
00
00
00
00
00
b5
00
00
00
12
00
00
00
00
00
00
00
00
00
00
00
00
00
00
00
00
00
00
00
10
00
00
00
20
00
00
00
00
00
00
00
00
00
00
00
00
00
00
00
00
00
00
00
01
00
00
00
20
00
00
00
00
00
00
00
00
00
00
00
00
00
00
00
00
00
00
00
98
00
00
00
12
00
00
00
00
00
00
00
00
00
00
00
00
00
00
00
00
00
00
00
2c
00
00
00
20
00
00
00
00
00
00
00
00
00
00
00
00
00
00
00
00
00
00
00
46
00
00
00
22
00
00
00
00
00
00
00
00
00
00
00
00
00
00
00
00
00
00
00
ec
00
00
00
11
00
10
00
00
20
00
00
00
00
00
00
68
00
00
00
00
00
00
00
81
00
00
00
12
00
0e
00
00
13
00
00
00
00
00
00
0c
00
00
00
00
00
00
00
69
00
00
00
12
00
0e
00
f0
12
00
00
00
00
00
00
05
00
00
00
00
00
00
00
9f
00
00
00
12
00
0e
00
10
13
00
00
00
00
00
00
0c
00
00
00
00
00
00
00
ce
00
00
00
12
00
0e
00
30
13
00
00
00
00
00
00
85
02
00
00
00
00
00
00
ba
00
00
00
12
00
0e
00
20
13
00
00
00
00
00
00
0c
00
00
00
00
00
00
00
05
01
00
00
11
00
10
00
80
20
00
00
00
00
00
00
00
08
00
00
00
00
00
00
55
00
00
00
12
00
0e
00
e0
12
00
00
00
00
00
00
0c
00
00
00
00
00
00
00
00
5f
5f
67
6d
6f
6e
5f
73
74
61
72
74
5f
5f
00
5f
49
54
4d
5f
64
65
72
65
67
69
73
74
65
72
54
4d
43
6c
6f
6e
65
54
61
62
6c
65
00
5f
49
54
4d
5f
72
65
67
69
73
74
65
72
54
4d
43
6c
6f
6e
65
54
61
62
6c
65
00
5f
5f
63
78
61
5f
66
69
6e
61
6c
69
7a
65
00
42
72
6f
74
6c
69
47
65
74
44
69
63
74
69
6f
6e
61
72
79
00
42
72
6f
74
6c
69
53
65
74
44
69
63
74
69
6f
6e
61
72
79
44
61
74
61
00
42
72
6f
74
6c
69
44
65
66
61
75
6c
74
41
6c
6c
6f
63
46
75
6e
63
00
6d
61
6c
6c
6f
63
00
42
72
6f
74
6c
69
44
65
66
61
75
6c
74
46
72
65
65
46
75
6e
63
00
66
72
65
65
00
42
72
6f
74
6c
69
47
65
74
54
72
61
6e
73
66
6f
72
6d
73
00
42
72
6f
74
6c
69
54
72
61
6e
73
66
6f
72
6d
44
69
63
74
69
6f
6e
61
72
79
57
6f
72
64
00
5f
6b
42
72
6f
74
6c
69
50
72
65
66
69
78
43
6f
64
65
52
61
6e
67
65
73
00
5f
6b
42
72
6f
74
6c
69
43
6f
6e
74
65
78
74
4c
6f
6f
6b
75
70
54
61
62
6c
65
00
6c
69
62
63
2e
73
6f
2e
36
00
6c
69
62
62
72
6f
74
6c
69
63
6f
6d
6d
6f
6e
2e
73
6f
2e
31
00
47
4c
49
42
43
5f
32
2e
32
2e
35
00
00
00
00
02
00
01
00
01
00
02
00
01
00
02
00
01
00
01
00
01
00
01
00
01
00
01
00
01
00
01
00
00
00
00
00
00
00
01
00
01
00
20
01
00
00
10
00
00
00
00
00
00
00
75
1a
69
09
00
00
02
00
3f
01
00
00
00
00
00
00
f0
1c
02
00
00
00
00
00
08
00
00
00
00
00
00
00
30
11
00
00
00
00
00
00
f8
1c
02
00
00
00
00
00
08
00
00
00
00
00
00
00
f0
10
00
00
00
00
00
00
08
1d
02
00
00
00
00
00
08
00
00
00
00
00
00
00
80
2a
00
00
00
00
00
00
10
1d
02
00
00
00
00
00
08
00
00
00
00
00
00
00
00
2a
00
00
00
00
00
00
20
1d
02
00
00
00
00
00
08
00
00
00
00
00
00
00
80
28
00
00
00
00
00
00
08
1e
02
00
00
00
00
00
08
00
00
00
00
00
00
00
60
2b
00
00
00
00
00
00
28
20
02
00
00
00
00
00
08
00
00
00
00
00
00
00
28
20
02
00
00
00
00
00
e0
1f
02
00
00
00
00
00
06
00
00
00
02
00
00
00
00
00
00
00
00
00
00
00
e8
1f
02
00
00
00
00
00
06
00
00
00
03
00
00
00
00
00
00
00
00
00
00
00
f0
1f
02
00
00
00
00
00
06
00
00
00
05
00
00
00
00
00
00
00
00
00
00
00
f8
1f
02
00
00
00
00
00
06
00
00
00
06
00
00
00
00
00
00
00
00
00
00
00
18
20
02
00
00
00
00
00
07
00
00
00
01
00
00
00
00
00
00
00
00
00
00
00
20
20
02
00
00
00
00
00
07
00
00
00
04
00
00
00
00
00
00
00
00
00
00
00
00
00
00
00
00
00
00
00
00
00
00
00
00
00
00
00
00
00
00
00
00
00
00
00
00
00
00
00
00
00
00
00
00
00
00
00
00
00
00
00
00
00
00
00
00
00
00
00
00
00
00
00
00
00
00
00
00
00
00
00
00
00
00
00
00
00
00
00
00
00
00
00
00
00
00
00
00
00
00
00
00
00
00
00
00
00
00
00
00
00
00
00
00
00
00
00
00
00
00
00
00
00
00
00
00
00
00
00
00
00
00
00
00
00
00
00
00
00
00
00
00
00
00
00
00
00
00
00
00
00
00
00
00
00
00
00
00
00
00
00
00
00
00
00
00
00
00
00
00
00
00
00
00
00
00
00
00
00
00
00
00
00
00
00
00
00
00
00
00
00
00
00
00
00
00
00
00
00
00
00
00
00
00
00
00
00
00
00
00
00
00
00
00
00
00
00
00
00
00
00
00
00
00
00
00
00
00
00
00
00
00
00
00
00
00
00
00
00
00
00
00
00
00
00
00
00
00
00
00
00
00
00
00
00
00
00
00
00
00
00
00
00
00
00
00
00
00
00
00
00
00
00
00
00
00
00
00
00
00
00
00
00
00
00
00
00
00
00
00
00
00
00
00
00
00
00
00
00
00
00
00
00
00
00
00
00
00
00
00
00
00
00
00
00
00
00
00
00
00
00
00
00
00
00
00
00
00
00
00
00
00
00
00
00
00
00
00
00
00
00
00
00
00
00
00
00
00
00
00
00
00
00
00
00
00
00
00
00
00
00
00
00
00
00
00
00
00
00
00
00
00
00
00
00
00
00
00
00
00
00
00
00
00
00
00
00
00
00
00
00
00
00
00
00
00
00
00
00
00
00
00
00
00
00
00
00
00
00
00
00
00
00
00
00
00
00
00
00
00
00
00
00
00
00
00
00
00
00
00
00
00
00
00
00
00
00
00
00
00
00
00
00
00
00
00
00
00
00
00
00
00
00
00
00
00
00
00
00
00
00
00
00
00
00
00
00
00
00
00
00
00
00
00
00
00
00
00
00
00
00
00
00
00
00
00
00
00
00
00
00
00
00
00
00
00
00
00
00
00
00
00
00
00
00
00
00
00
00
00
00
00
00
00
00
00
00
00
00
00
00
00
00
00
00
00
00
00
00
00
00
00
00
00
00
00
00
00
00
00
00
00
00
00
00
00
00
00
00
00
00
00
00
00
00
00
00
00
00
00
00
00
00
00
00
00
00
00
00
00
00
00
00
00
00
00
00
00
00
00
00
00
00
00
00
00
00
00
00
00
00
00
00
00
00
00
00
00
00
00
00
00
00
00
00
00
00
00
00
00
00
00
00
00
00
00
00
00
00
00
00
00
00
00
00
00
00
00
00
00
00
00
00
00
00
00
00
00
00
00
00
00
00
00
00
00
00
00
00
00
00
00
00
00
00
00
00
00
00
00
00
00
00
00
00
00
00
00
00
00
00
00
00
00
00
00
00
00
00
00
00
00
00
00
00
00
00
00
00
00
00
00
00
00
00
00
00
00
00
00
00
00
00
00
00
00
00
00
00
00
00
00
00
00
00
00
00
00
00
00
00
00
00
00
00
00
00
00
00
00
00
00
00
00
00
00
00
00
00
00
00
00
00
00
00
00
00
00
00
00
00
00
00
00
00
00
00
00
00
00
00
00
00
00
00
00
00
00
00
00
00
00
00
00
00
00
00
00
00
00
00
00
00
00
00
00
00
00
00
00
00
00
00
00
00
00
00
00
00
00
00
00
00
00
00
00
00
00
00
00
00
00
00
00
00
00
00
00
00
00
00
00
00
00
00
00
00
00
00
00
00
00
00
00
00
00
00
00
00
00
00
00
00
00
00
00
00
00
00
00
00
00
00
00
00
00
00
00
00
00
00
00
00
00
00
00
00
00
00
00
00
00
00
00
00
00
00
00
00
00
00
00
00
00
00
00
00
00
00
00
00
00
00
00
00
00
00
00
00
00
00
00
00
00
00
00
00
00
00
00
00
00
00
00
00
00
00
00
00
00
00
00
00
00
00
00
00
00
00
00
00
00
00
00
00
00
00
00
00
00
00
00
00
00
00
00
00
00
00
00
00
00
00
00
00
00
00
00
00
00
00
00
00
00
00
00
00
00
00
00
00
00
00
00
00
00
00
00
00
00
00
00
00
00
00
00
00
00
00
00
00
00
00
00
00
00
00
00
00
00
00
00
00
00
00
00
00
00
00
00
00
00
00
00
00
00
00
00
00
00
00
00
00
00
00
00
00
00
00
00
00
00
00
00
00
00
00
00
00
00
00
00
00
00
00
00
00
00
00
00
00
00
00
00
00
00
00
00
00
00
00
00
00
00
00
00
00
00
00
00
00
00
00
00
00
00
00
00
00
00
00
00
00
00
00
00
00
00
00
00
00
00
00
00
00
00
00
00
00
00
00
00
00
00
00
00
00
00
00
00
00
00
00
00
00
00
00
00
00
00
00
00
00
00
00
00
00
00
00
00
00
00
00
00
00
00
00
00
00
00
00
00
00
00
00
00
00
00
00
00
00
00
00
00
00
00
00
00
00
00
00
00
00
00
00
00
00
00
00
00
00
00
00
00
00
00
00
00
00
00
00
00
00
00
00
00
00
00
00
00
00
00
00
00
00
00
00
00
00
00
00
00
00
00
00
00
00
00
00
00
00
00
00
00
00
00
00
00
00
00
00
00
00
00
00
00
00
00
00
00
00
00
00
00
00
00
00
00
00
00
00
00
00
00
00
00
00
00
00
00
00
00
00
00
00
00
00
00
00
00
00
00
00
00
00
00
00
00
00
00
00
00
00
00
00
00
00
00
00
00
00
00
00
00
00
00
00
00
00
00
00
00
00
00
00
00
00
00
00
00
00
00
00
00
00
00
00
00
00
00
00
00
00
00
00
00
00
00
00
00
00
00
00
00
00
00
00
00
00
00
00
00
00
00
00
00
00
00
00
00
00
00
00
00
00
00
00
00
00
00
00
00
00
00
00
00
00
00
00
00
00
00
00
00
00
00
00
00
00
00
00
00
00
00
00
00
00
00
00
00
00
00
00
00
00
00
00
00
00
00
00
00
00
00
00
00
00
00
00
00
00
00
00
00
00
00
00
00
00
00
00
00
00
00
00
00
00
00
00
00
00
00
00
00
00
00
00
00
00
00
00
00
00
00
00
00
00
00
00
00
00
00
00
00
00
00
00
00
00
00
00
00
00
00
00
00
00
00
00
00
00
00
00
00
00
00
00
00
00
00
00
00
00
00
00
00
00
00
00
00
00
00
00
00
00
00
00
00
00
00
00
00
00
00
00
00
00
00
00
00
00
00
00
00
00
00
00
00
00
00
00
00
00
00
00
00
00
00
00
00
00
00
00
00
00
00
00
00
00
00
00
00
00
00
00
00
00
00
00
00
00
00
00
00
00
00
00
00
00
00
00
00
00
00
00
00
00
00
00
00
00
00
00
00
00
00
00
00
00
00
00
00
00
00
00
00
00
00
00
00
00
00
00
00
00
00
00
00
00
00
00
00
00
00
00
00
00
00
00
00
00
00
00
00
00
00
00
00
00
00
00
00
00
00
00
00
00
00
00
00
00
00
00
00
00
00
00
00
00
00
00
00
00
00
00
00
00
00
00
00
00
00
00
00
00
00
00
00
00
00
00
00
00
00
00
00
00
00
00
00
00
00
00
00
00
00
00
00
00
00
00
00
00
00
00
00
00
00
00
00
00
00
00
00
00
00
00
00
00
00
00
00
00
00
00
00
00
00
00
00
00
00
00
00
00
00
00
00
00
00
00
00
00
00
00
00
00
00
00
00
00
00
00
00
00
00
00
00
00
00
00
00
00
00
00
00
00
00
00
00
00
00
00
00
00
00
00
00
00
00
00
00
00
00
00
00
00
00
00
00
00
00
00
00
00
00
00
00
00
00
00
00
00
00
00
00
00
00
00
00
00
00
00
00
00
00
00
00
00
00
00
00
00
00
00
00
00
00
00
00
00
00
00
00
00
00
00
00
00
00
00
00
00
00
00
00
00
00
00
00
00
00
00
00
00
00
00
00
00
00
00
00
00
00
00
00
00
00
00
00
00
00
00
00
00
00
00
00
00
00
00
00
00
00
00
00
00
00
00
00
00
00
00
00
00
00
00
00
00
00
00
00
00
00
00
00
00
00
00
00
00
00
00
00
00
00
00
00
00
00
00
00
00
00
00
00
00
00
00
00
00
00
00
00
00
00
00
00
00
00
00
00
00
00
00
00
00
00
00
00
00
00
00
00
00
00
00
00
00
00
00
00
00
00
00
00
00
00
00
00
00
00
00
00
00
00
00
00
00
00
00
00
00
00
00
00
00
00
00
00
00
00
00
00
00
00
00
00
00
00
00
00
00
00
00
00
00
00
00
00
00
00
00
00
00
00
00
00
00
00
00
00
00
00
00
00
00
00
00
00
00
00
00
00
00
00
00
00
00
00
00
00
00
00
00
00
00
00
00
00
00
00
00
00
00
00
00
00
00
00
00
00
00
00
00
00
00
00
00
00
00
00
00
00
00
00
00
00
00
00
00
00
00
00
00
00
00
00
00
00
00
00
00
00
00
00
00
00
00
00
00
00
00
00
00
00
00
00
00
00
00
00
00
00
00
00
00
00
00
00
00
00
00
00
00
00
00
00
00
00
00
00
00
00
00
00
00
00
00
00
00
00
00
00
00
00
00
00
00
00
00
00
00
00
00
00
00
00
00
00
00
00
00
00
00
00
00
00
00
00
00
00
00
00
00
00
00
00
00
00
00
00
00
00
00
00
00
00
00
00
00
00
00
00
00
00
00
00
00
00
00
00
00
00
00
00
00
00
00
00
00
00
00
00
00
00
00
00
00
00
00
00
00
00
00
00
00
00
00
00
00
00
00
00
00
00
00
00
00
00
00
00
00
00
00
00
00
00
00
00
00
