7f
45
4c
46
02
01
01
03
00
00
00
00
00
00
00
00
03
00
3e
00
01
00
00
00
00
00
00
00
00
00
00
00
40
00
00
00
00
00
00
00
c8
74
22
00
00
00
00
00
00
00
00
00
40
00
38
00
0c
00
40
00
22
00
21
00
01
00
00
00
04
00
00
00
00
00
00
00
00
00
00
00
00
00
00
00
00
00
00
00
00
00
00
00
00
00
00
00
40
91
09
00
00
00
00
00
40
91
09
00
00
00
00
00
00
10
00
00
00
00
00
00
01
00
00
00
05
00
00
00
00
a0
09
00
00
00
00
00
00
a0
09
00
00
00
00
00
00
a0
09
00
00
00
00
00
d1
0f
11
00
00
00
00
00
d1
0f
11
00
00
00
00
00
00
10
00
00
00
00
00
00
01
00
00
00
04
00
00
00
00
b0
1a
00
00
00
00
00
00
b0
1a
00
00
00
00
00
00
b0
1a
00
00
00
00
00
82
e8
06
00
00
00
00
00
82
e8
06
00
00
00
00
00
00
10
00
00
00
00
00
00
01
00
00
00
06
00
00
00
80
a8
21
00
00
00
00
00
80
b8
21
00
00
00
00
00
80
b8
21
00
00
00
00
00
d8
c9
00
00
00
00
00
00
40
00
01
00
00
00
00
00
00
10
00
00
00
00
00
00
02
00
00
00
06
00
00
00
90
3c
22
00
00
00
00
00
90
4c
22
00
00
00
00
00
90
4c
22
00
00
00
00
00
20
02
00
00
00
00
00
00
20
02
00
00
00
00
00
00
08
00
00
00
00
00
00
00
04
00
00
00
04
00
00
00
e0
02
00
00
00
00
00
00
e0
02
00
00
00
00
00
00
e0
02
00
00
00
00
00
00
20
00
00
00
00
00
00
00
20
00
00
00
00
00
00
00
08
00
00
00
00
00
00
00
04
00
00
00
04
00
00
00
00
03
00
00
00
00
00
00
00
03
00
00
00
00
00
00
00
03
00
00
00
00
00
00
24
00
00
00
00
00
00
00
24
00
00
00
00
00
00
00
04
00
00
00
00
00
00
00
07
00
00
00
04
00
00
00
80
a8
21
00
00
00
00
00
80
b8
21
00
00
00
00
00
80
b8
21
00
00
00
00
00
00
00
00
00
00
00
00
00
20
00
00
00
00
00
00
00
08
00
00
00
00
00
00
00
53
e5
74
64
04
00
00
00
e0
02
00
00
00
00
00
00
e0
02
00
00
00
00
00
00
e0
02
00
00
00
00
00
00
20
00
00
00
00
00
00
00
20
00
00
00
00
00
00
00
08
00
00
00
00
00
00
00
50
e5
74
64
04
00
00
00
d4
6a
1d
00
00
00
00
00
d4
6a
1d
00
00
00
00
00
d4
6a
1d
00
00
00
00
00
64
98
00
00
00
00
00
00
64
98
00
00
00
00
00
00
04
00
00
00
00
00
00
00
51
e5
74
64
06
00
00
00
00
00
00
00
00
00
00
00
00
00
00
00
00
00
00
00
00
00
00
00
00
00
00
00
00
00
00
00
00
00
00
00
00
00
00
00
00
00
00
00
10
00
00
00
00
00
00
00
52
e5
74
64
04
00
00
00
80
a8
21
00
00
00
00
00
80
b8
21
00
00
00
00
00
80
b8
21
00
00
00
00
00
80
a7
00
00
00
00
00
00
80
a7
00
00
00
00
00
00
01
00
00
00
00
00
00
00
04
00
00
00
10
00
00
00
05
00
00
00
47
4e
55
00
02
00
00
c0
04
00
00
00
03
00
00
00
00
00
00
00
04
00
00
00
14
00
00
00
03
00
00
00
47
4e
55
00
e3
7f
e1
a8
79
78
38
38
de
78
cb
c8
c8
06
21
fa
68
5d
58
a2
00
00
00
00
fc
07
00
00
bd
00
00
00
00
02
00
00
0f
00
00
00
04
90
47
10
83
50
e3
98
06
16
01
45
a2
20
8a
10
40
20
21
00
04
e2
00
01
28
8c
24
13
20
06
90
28
06
2c
88
25
02
00
5a
10
00
10
0e
21
81
08
12
82
5f
40
c0
54
78
a9
b4
50
c2
05
6b
90
e1
20
15
30
18
00
21
a1
00
62
c5
20
56
05
b9
44
90
0b
09
09
24
3d
47
02
02
09
11
a7
88
80
2d
b8
9d
e8
86
79
44
94
c4
80
fb
00
6c
20
2f
ac
43
60
36
90
80
28
32
12
28
20
02
42
58
ce
20
84
c2
02
10
82
41
80
a1
48
69
08
22
14
00
40
23
08
69
00
10
01
4c
01
15
a0
48
44
03
a0
12
80
48
02
00
10
40
80
0b
20
e2
0e
25
88
10
00
41
40
86
04
02
2b
78
f5
36
c0
81
d3
33
84
00
12
04
2d
24
20
00
48
58
80
4c
14
00
08
20
04
10
00
06
06
05
20
46
88
40
5c
06
20
40
15
68
c4
70
20
00
e9
a8
05
01
50
32
f6
ff
c7
df
5f
18
8b
86
84
12
a0
80
74
e6
b8
a4
55
5b
23
20
90
51
c0
24
f0
a7
a0
21
68
88
88
01
03
80
c1
08
03
00
04
00
e4
08
90
a5
10
ca
14
48
77
6e
38
04
20
05
84
71
52
31
43
00
40
00
02
01
f1
22
0f
60
32
66
22
c8
04
88
c8
b0
81
e2
20
00
c1
49
00
06
88
45
d0
02
40
51
a5
94
82
00
03
08
04
40
40
c5
28
00
c7
90
68
80
11
22
26
02
52
90
90
c8
c1
0a
5e
49
09
36
19
01
2d
34
0a
c1
20
86
90
30
00
19
84
09
06
50
08
00
00
a3
16
90
03
c2
20
10
00
50
40
14
e0
08
32
01
4c
14
08
48
44
08
78
38
03
72
36
86
99
80
48
d4
9b
49
10
a2
81
12
40
60
a2
00
0f
ca
31
d4
b5
56
2c
02
c0
4d
c3
62
40
0c
a8
10
d0
3b
08
45
00
c6
04
38
00
51
80
85
48
12
44
55
14
22
04
00
c0
05
99
00
02
20
00
10
04
01
ca
19
00
01
00
01
48
c1
50
d0
cd
d0
72
32
40
49
3d
c6
70
00
84
00
8c
70
00
06
18
92
14
ac
01
59
40
40
40
00
40
40
68
00
00
39
a3
09
2c
90
88
00
80
05
35
08
8c
64
1a
6c
84
02
10
ca
44
2b
10
80
5b
08
4a
2c
06
63
20
68
50
03
34
20
45
6d
28
44
8e
89
10
0d
0a
11
31
58
c2
88
8f
12
51
40
d0
e2
60
89
00
15
87
40
50
a0
50
c1
a2
11
0d
f5
b0
43
a8
26
11
96
11
8a
58
09
82
1f
b6
24
80
02
90
c0
00
a2
94
2d
10
00
05
b1
9e
11
88
02
31
a2
44
52
a1
40
29
04
81
10
18
00
08
0e
1c
02
98
42
98
80
a4
80
4c
40
00
84
93
b2
00
18
36
12
25
8f
04
64
07
20
12
2c
60
92
51
23
1d
06
18
1f
71
40
0c
80
02
04
10
03
92
00
10
8e
14
b1
50
1a
0c
44
8d
40
18
00
48
6c
06
00
81
28
08
15
72
10
24
25
95
a8
80
10
03
21
04
00
00
1a
31
e4
40
a1
21
00
0a
20
88
9e
18
40
8c
04
13
a6
82
33
49
05
4b
28
84
88
8a
73
71
04
1b
00
d5
40
00
10
d0
90
15
39
a2
97
a0
10
00
80
01
80
60
85
45
a0
54
e0
04
2d
06
8c
a7
8a
10
05
a2
44
14
00
87
4a
ba
c8
82
81
a7
aa
43
dd
4c
73
27
af
11
c0
06
0a
80
64
a3
01
49
2a
41
40
40
16
26
40
44
94
81
c4
83
0a
ee
d9
60
61
06
44
4b
38
66
24
22
4a
7d
06
10
2c
24
04
00
50
23
02
51
2d
65
a1
02
4b
91
22
1c
83
00
4e
42
90
76
21
08
81
50
20
98
59
a4
0b
d4
4b
88
8b
2e
39
94
a0
ec
04
5d
09
2b
0d
e8
af
19
20
e4
3d
e0
10
8c
60
44
2a
10
04
00
a0
10
a1
1a
87
0c
aa
40
38
27
a2
8d
48
08
6a
0c
18
01
18
30
14
20
5d
25
03
64
42
23
00
00
c0
20
25
25
30
50
92
64
28
09
51
01
12
02
21
24
a4
81
d9
98
28
00
8a
48
31
07
54
87
01
42
22
7c
61
08
00
8a
01
02
1c
00
96
52
21
b8
0e
03
2e
43
5a
43
b0
a2
d0
18
45
00
11
81
0a
e4
5d
ad
54
52
63
19
02
50
88
81
01
21
63
00
0a
10
1b
08
44
a8
80
a5
38
72
28
01
47
03
c8
01
b0
00
0a
02
82
08
42
51
5d
48
62
6c
08
84
07
20
42
1b
a9
81
34
10
22
00
08
13
0b
a0
80
83
30
08
2a
53
37
d0
0a
1c
06
49
10
a5
61
00
82
5e
a2
5a
22
0b
04
65
31
28
07
11
81
62
23
23
61
a7
51
04
3d
09
05
06
01
54
58
04
31
e4
00
00
0e
00
ba
28
20
84
09
90
79
00
48
c4
45
42
8f
0f
00
80
02
3d
4e
c8
f1
d5
c2
54
24
30
48
8a
50
48
4e
20
1e
f0
c1
10
43
20
01
10
20
0b
52
10
2f
10
88
01
30
0a
52
00
c5
00
60
02
48
05
06
02
92
10
00
22
0c
20
00
08
2d
f2
50
10
17
0c
b9
1a
aa
4b
40
d8
48
6f
c3
f9
50
14
04
22
42
a0
00
00
40
14
12
90
21
3a
02
9e
83
80
b8
84
ad
5c
a4
22
e4
00
64
a1
9c
02
28
83
0b
00
9e
96
42
10
0d
10
46
06
bc
97
21
90
10
40
0e
1a
05
08
0b
01
0a
01
89
b4
04
ad
12
8d
e0
01
10
01
48
4a
05
19
00
62
2f
c0
40
91
8a
58
18
58
42
4a
81
80
9e
26
63
68
44
04
b6
20
05
2a
36
e9
94
c1
1d
08
10
24
4d
0b
0c
00
00
20
04
02
50
20
21
50
12
14
54
04
81
6c
00
92
13
60
8a
54
00
02
61
a0
17
b2
50
36
18
41
12
88
ae
19
a5
00
80
08
0a
16
01
4e
0e
34
03
11
b5
0d
a0
13
00
48
e0
ad
42
0f
c4
57
04
c8
20
04
84
1c
84
2a
23
08
06
20
e3
58
52
9c
0c
19
02
22
00
c1
0d
12
65
1c
2d
08
8c
49
c5
e5
20
1a
8e
23
13
02
fc
1f
5d
c0
18
c1
00
40
29
08
c0
c0
00
90
00
24
04
49
90
02
00
00
88
04
c0
34
a0
14
10
83
88
25
3d
02
10
10
58
08
04
20
08
22
42
90
c8
10
26
04
61
80
f0
84
94
31
7b
80
14
36
09
29
00
0c
b3
44
35
80
b4
62
c0
28
96
5f
c4
1b
46
3b
04
29
03
5d
c0
23
41
80
91
45
c5
a0
a0
82
c1
1f
20
00
0a
a4
d8
fb
ca
0d
a1
d8
02
32
83
21
80
12
c8
71
06
00
20
0c
80
10
00
54
1a
13
01
01
02
82
83
01
45
10
97
04
1a
26
0a
00
31
58
4f
80
dd
46
11
12
b4
31
35
24
a3
f2
15
10
04
00
91
90
08
00
40
94
06
20
f0
0a
09
88
50
84
1d
06
2a
48
d5
08
42
82
74
00
c7
90
4e
22
11
01
44
0d
c6
00
e2
38
12
3c
31
49
0b
68
62
0b
42
c1
00
a8
7c
24
00
48
61
41
00
90
84
48
00
92
17
2a
a0
10
00
01
12
14
81
03
00
45
44
00
4c
82
11
c8
43
a0
0b
0a
0c
20
21
42
14
54
31
44
4f
40
e9
ff
be
7f
04
00
80
01
26
82
0a
06
14
fd
ee
21
3e
23
22
04
90
40
40
47
c8
00
5a
70
ce
a9
32
7c
ea
a9
10
1a
8b
41
84
00
88
08
55
02
08
32
03
4c
02
00
40
68
46
51
0a
22
31
00
0a
a4
80
48
26
89
2d
40
74
20
01
82
00
18
02
00
80
08
40
00
00
44
04
00
f1
6d
c0
21
20
b2
14
6c
00
06
e5
0c
00
c8
e5
89
93
bc
07
ac
40
20
04
67
a8
50
40
23
44
e1
a2
09
28
08
64
0e
20
0a
10
02
00
4b
e8
02
f7
55
48
0a
14
22
60
44
4c
40
42
20
03
40
10
20
86
10
22
04
b9
06
aa
3e
55
03
18
ed
00
0c
d0
6e
a4
c0
03
2a
10
88
40
c2
2a
00
9c
86
21
54
0b
60
00
02
02
00
04
ce
03
08
00
60
0a
20
02
a2
0d
15
48
23
1d
80
08
00
c1
51
04
48
0e
00
c0
26
74
80
41
ec
08
8e
10
fc
44
a1
40
92
0b
04
02
90
10
c0
21
98
00
11
6a
83
69
81
b0
ae
46
40
c0
80
01
20
80
0a
00
03
90
67
ed
0a
16
14
42
83
01
08
00
05
0a
20
51
32
92
39
a4
dd
54
32
12
10
dc
e2
08
34
d0
b2
17
eb
12
08
61
2a
0d
22
02
12
78
26
f2
1d
84
28
1c
38
e0
08
21
11
32
dd
20
85
a2
22
0c
02
09
02
80
40
40
01
42
e8
08
94
92
09
d4
24
45
08
00
70
78
50
a8
08
ec
94
b6
03
e0
a2
39
20
86
42
08
85
b5
12
21
28
54
87
84
42
82
84
81
ba
57
c7
07
30
5b
2b
14
45
10
82
88
90
40
00
45
82
00
29
c1
18
02
24
01
81
21
20
31
23
00
09
0a
03
00
00
10
05
44
09
0c
50
06
25
05
20
90
c3
10
16
01
a2
00
40
40
84
82
24
0e
20
81
40
21
98
78
10
0a
0a
0e
c8
24
07
28
1e
b9
c3
11
4f
92
e6
16
17
ec
b9
85
08
01
1c
3e
87
0c
a4
01
48
8d
40
80
c0
02
68
a2
01
22
20
05
28
08
00
21
69
20
21
d0
20
c1
ac
56
8b
05
02
0c
15
80
00
90
14
40
24
00
00
00
43
08
03
68
33
60
48
b0
20
e6
92
4b
80
09
91
73
b4
a0
92
c6
e8
40
02
21
01
20
20
40
4d
15
90
c8
58
40
80
87
62
82
13
00
c2
42
00
d8
15
68
00
00
04
80
00
3b
21
0a
c5
20
54
9d
4f
e6
00
70
73
0e
04
c9
e0
04
0c
71
0a
78
b1
17
08
05
4b
10
00
01
13
00
14
0b
00
24
11
f4
04
0c
02
10
40
ba
34
5c
ce
0d
c0
91
69
50
58
02
41
00
07
cc
26
42
71
50
01
35
33
0c
02
02
c8
62
89
08
0a
b0
01
51
80
00
50
11
23
20
81
04
c0
02
52
2b
01
80
36
22
83
60
00
20
59
60
10
8d
11
90
ae
4c
95
12
37
20
40
8a
00
28
00
00
86
54
08
82
11
28
1c
10
00
c8
82
00
3a
86
f2
4a
37
10
02
02
08
42
22
54
62
1c
41
46
82
22
64
15
44
26
b5
9c
7e
42
8c
a2
1c
68
01
12
d0
42
01
af
00
40
22
00
4d
63
1c
68
4c
09
74
02
22
cc
0a
10
30
28
2a
01
d3
00
38
04
82
00
01
02
80
80
c0
e2
01
ac
b8
24
08
b4
5c
3a
49
d7
12
14
83
00
11
20
00
08
45
00
b0
10
81
31
05
08
88
64
02
cb
01
42
86
93
11
e0
c2
00
14
00
10
10
88
e0
8a
02
87
c2
a3
50
a3
8a
03
0c
c0
18
10
26
2a
c3
84
36
92
00
72
00
10
02
16
04
b0
00
40
0a
82
41
18
4f
63
12
18
41
41
a0
18
6a
10
18
28
28
08
1c
06
0d
14
00
52
50
79
a2
22
e4
08
02
08
12
10
bc
70
56
14
d2
d9
6a
4c
46
00
c0
40
48
c0
04
14
08
60
0d
95
48
3b
88
23
a6
29
c7
4b
01
89
40
10
49
00
25
21
00
80
02
08
00
a0
22
18
32
10
5a
51
42
18
c8
c3
30
c0
10
a1
42
e4
03
01
03
0b
20
4e
10
81
be
85
b4
04
66
80
10
10
04
91
00
80
41
9e
95
03
27
54
28
65
4c
00
50
2d
94
e4
18
0a
48
37
c8
84
1e
59
c0
3c
68
c8
99
14
80
52
92
19
01
18
b3
40
50
28
15
a3
10
12
08
13
04
c0
40
04
09
80
58
10
21
00
50
a5
31
31
3a
50
75
c6
88
b1
10
44
18
21
00
31
09
e2
a0
30
4c
68
b2
44
11
10
a1
06
0c
2d
29
11
02
2c
28
00
41
98
82
06
00
92
10
18
92
25
c4
03
00
01
8e
d3
22
60
90
06
28
01
80
02
02
01
2a
00
40
02
50
02
14
0e
c4
61
74
21
14
14
0a
00
24
b0
08
0a
a4
26
00
01
08
05
84
80
79
10
f5
ce
20
c0
70
a6
40
66
8a
8c
8c
90
d1
20
35
89
04
20
58
16
59
8f
8f
54
73
a3
99
2a
79
a3
81
18
88
4a
a0
2a
10
49
00
83
00
00
08
40
10
00
a5
0a
51
92
95
3a
84
61
8c
da
a0
1c
24
02
08
c4
90
08
20
0d
95
81
0a
10
15
79
90
80
04
20
80
28
28
68
00
25
00
d0
02
21
10
ce
00
24
73
84
2e
80
7f
87
3c
69
40
1c
4c
00
80
02
18
d0
00
38
a8
07
42
40
55
80
80
82
24
82
00
20
d9
9c
06
34
35
26
64
51
70
89
ca
01
01
a1
31
90
a2
85
c5
80
18
00
b1
82
5a
e0
0e
01
10
ad
3c
ca
42
a1
01
3c
12
c2
10
38
60
00
11
38
53
46
5c
ff
83
31
05
40
7d
19
82
00
00
00
02
00
00
09
29
6d
e0
03
9c
2c
02
c2
c2
e6
23
83
0f
00
24
79
e0
08
04
69
63
a1
61
08
01
00
00
09
41
a4
21
44
40
60
40
00
1b
81
18
84
98
24
63
50
7a
01
1c
2e
41
2b
e1
17
7c
d0
50
7b
94
02
01
f0
11
06
e2
05
83
a4
d5
10
01
20
c1
02
20
04
10
0c
51
80
b1
09
45
40
7c
01
4f
50
10
08
11
50
20
28
00
80
21
86
10
0d
18
84
88
e5
03
23
08
68
03
82
0b
90
02
08
0a
f1
08
02
cd
a4
2a
4d
84
49
8c
41
be
1d
31
02
62
80
0b
00
10
40
00
51
44
00
02
88
a1
28
04
82
16
00
64
01
85
34
09
10
20
ba
80
00
40
41
88
82
42
5d
00
24
48
49
01
17
14
00
40
00
08
8e
0a
08
1c
40
10
86
45
04
3c
50
fe
ff
dc
03
29
07
9c
82
08
0a
0c
80
01
fc
35
10
d3
10
00
7a
00
9a
04
40
09
1c
00
22
96
54
84
00
80
00
b4
88
0e
08
00
88
eb
50
d8
68
0a
40
22
91
88
48
09
20
29
35
26
a9
00
48
2c
94
b7
14
8a
9b
30
00
48
10
48
4c
80
18
55
64
b0
80
45
08
3c
0e
00
04
28
10
03
10
00
d9
21
37
80
a8
50
29
30
22
10
51
10
d1
b5
0c
1a
71
88
ac
3b
21
5c
84
22
ff
bf
ef
de
20
1a
ea
42
b2
14
c8
60
80
10
85
80
0c
71
3a
1c
10
0a
10
90
ff
ff
fe
00
8a
03
85
69
95
98
11
08
09
20
16
60
14
c0
ff
3f
7b
30
0e
91
80
08
80
00
07
34
02
84
01
85
19
d3
99
29
40
86
b4
98
20
02
03
20
09
41
21
40
e0
84
26
f8
7d
c8
2f
0a
e1
c1
1c
9b
08
26
09
d2
70
94
40
44
c0
4c
b0
11
80
80
2c
1a
0c
0c
02
f6
4c
22
10
1c
46
1c
89
61
7f
30
68
d1
14
92
47
18
02
01
41
40
06
8e
0a
ea
00
40
20
84
73
44
7c
1c
04
81
22
c8
0d
23
8d
40
41
04
00
10
00
84
00
c4
95
c0
00
d0
89
70
05
