7f
45
4c
46
02
01
01
00
00
00
00
00
00
00
00
00
03
00
3e
00
01
00
00
00
00
00
00
00
00
00
00
00
40
00
00
00
00
00
00
00
60
1d
01
00
00
00
00
00
00
00
00
00
40
00
38
00
0b
00
40
00
1c
00
1b
00
01
00
00
00
04
00
00
00
00
00
00
00
00
00
00
00
00
00
00
00
00
00
00
00
00
00
00
00
00
00
00
00
48
12
00
00
00
00
00
00
48
12
00
00
00
00
00
00
00
10
00
00
00
00
00
00
01
00
00
00
05
00
00
00
00
20
00
00
00
00
00
00
00
20
00
00
00
00
00
00
00
20
00
00
00
00
00
00
71
c5
00
00
00
00
00
00
71
c5
00
00
00
00
00
00
00
10
00
00
00
00
00
00
01
00
00
00
04
00
00
00
00
f0
00
00
00
00
00
00
00
f0
00
00
00
00
00
00
00
f0
00
00
00
00
00
00
e8
15
00
00
00
00
00
00
e8
15
00
00
00
00
00
00
00
10
00
00
00
00
00
00
01
00
00
00
06
00
00
00
90
0c
01
00
00
00
00
00
90
1c
01
00
00
00
00
00
90
1c
01
00
00
00
00
00
90
0f
00
00
00
00
00
00
98
0f
00
00
00
00
00
00
00
10
00
00
00
00
00
00
02
00
00
00
06
00
00
00
20
0d
01
00
00
00
00
00
20
1d
01
00
00
00
00
00
20
1d
01
00
00
00
00
00
f0
01
00
00
00
00
00
00
f0
01
00
00
00
00
00
00
08
00
00
00
00
00
00
00
04
00
00
00
04
00
00
00
a8
02
00
00
00
00
00
00
a8
02
00
00
00
00
00
00
a8
02
00
00
00
00
00
00
20
00
00
00
00
00
00
00
20
00
00
00
00
00
00
00
08
00
00
00
00
00
00
00
04
00
00
00
04
00
00
00
c8
02
00
00
00
00
00
00
c8
02
00
00
00
00
00
00
c8
02
00
00
00
00
00
00
24
00
00
00
00
00
00
00
24
00
00
00
00
00
00
00
04
00
00
00
00
00
00
00
53
e5
74
64
04
00
00
00
a8
02
00
00
00
00
00
00
a8
02
00
00
00
00
00
00
a8
02
00
00
00
00
00
00
20
00
00
00
00
00
00
00
20
00
00
00
00
00
00
00
08
00
00
00
00
00
00
00
50
e5
74
64
04
00
00
00
60
fa
00
00
00
00
00
00
60
fa
00
00
00
00
00
00
60
fa
00
00
00
00
00
00
7c
01
00
00
00
00
00
00
7c
01
00
00
00
00
00
00
04
00
00
00
00
00
00
00
51
e5
74
64
06
00
00
00
00
00
00
00
00
00
00
00
00
00
00
00
00
00
00
00
00
00
00
00
00
00
00
00
00
00
00
00
00
00
00
00
00
00
00
00
00
00
00
00
10
00
00
00
00
00
00
00
52
e5
74
64
04
00
00
00
90
0c
01
00
00
00
00
00
90
1c
01
00
00
00
00
00
90
1c
01
00
00
00
00
00
70
03
00
00
00
00
00
00
70
03
00
00
00
00
00
00
01
00
00
00
00
00
00
00
04
00
00
00
10
00
00
00
05
00
00
00
47
4e
55
00
02
00
00
c0
04
00
00
00
03
00
00
00
00
00
00
00
04
00
00
00
14
00
00
00
03
00
00
00
47
4e
55
00
e5
6b
62
c2
7b
cc
7a
ce
8f
9b
e3
6b
25
5b
d7
b3
1b
fd
e4
05
00
00
00
00
11
00
00
00
1a
00
00
00
04
00
00
00
08
00
00
00
01
40
80
00
40
00
02
12
08
86
8b
05
78
06
80
04
89
be
08
32
90
a4
80
02
d5
00
05
00
54
18
20
60
1a
00
00
00
1b
00
00
00
1e
00
00
00
21
00
00
00
23
00
00
00
26
00
00
00
00
00
00
00
2c
00
00
00
2e
00
00
00
30
00
00
00
32
00
00
00
33
00
00
00
35
00
00
00
37
00
00
00
38
00
00
00
39
00
00
00
3c
00
00
00
6b
10
47
d7
ea
3d
af
9f
50
e3
46
0e
8f
93
16
61
8c
47
8d
d3
7a
69
cf
92
8b
9c
58
d7
0e
80
25
d7
e5
92
74
c1
a6
24
0c
f8
ae
6a
7c
e4
39
e6
ec
b2
16
66
e6
e4
c0
26
57
d7
48
e6
33
b2
42
d3
0d
69
3c
71
fa
4b
b9
ed
cd
c2
c6
e2
e9
94
99
dd
8a
c0
82
37
23
19
ff
26
c8
80
8a
09
70
59
4f
cf
bb
94
d1
35
97
c1
4a
b7
36
7d
81
8d
fd
a9
7a
e4
c6
5d
c7
82
a5
72
ab
37
df
c2
59
5a
88
c1
56
a6
a5
16
c4
d2
60
c1
65
a6
a9
37
c1
6c
6d
ca
00
00
00
00
00
00
00
00
00
00
00
00
00
00
00
00
00
00
00
00
00
00
00
00
83
00
00
00
12
00
00
00
00
00
00
00
00
00
00
00
00
00
00
00
00
00
00
00
10
00
00
00
20
00
00
00
00
00
00
00
00
00
00
00
00
00
00
00
00
00
00
00
54
01
00
00
11
00
00
00
00
00
00
00
00
00
00
00
00
00
00
00
00
00
00
00
30
01
00
00
12
00
00
00
00
00
00
00
00
00
00
00
00
00
00
00
00
00
00
00
c8
02
00
00
12
00
00
00
00
00
00
00
00
00
00
00
00
00
00
00
00
00
00
00
62
01
00
00
11
00
00
00
00
00
00
00
00
00
00
00
00
00
00
00
00
00
00
00
70
01
00
00
12
00
00
00
00
00
00
00
00
00
00
00
00
00
00
00
00
00
00
00
5c
00
00
00
12
00
00
00
00
00
00
00
00
00
00
00
00
00
00
00
00
00
00
00
55
00
00
00
12
00
00
00
00
00
00
00
00
00
00
00
00
00
00
00
00
00
00
00
bb
02
00
00
12
00
00
00
00
00
00
00
00
00
00
00
00
00
00
00
00
00
00
00
19
02
00
00
12
00
00
00
00
00
00
00
00
00
00
00
00
00
00
00
00
00
00
00
01
00
00
00
20
00
00
00
00
00
00
00
00
00
00
00
00
00
00
00
00
00
00
00
68
01
00
00
12
00
00
00
00
00
00
00
00
00
00
00
00
00
00
00
00
00
00
00
7c
00
00
00
12
00
00
00
00
00
00
00
00
00
00
00
00
00
00
00
00
00
00
00
4d
02
00
00
12
00
00
00
00
00
00
00
00
00
00
00
00
00
00
00
00
00
00
00
c1
02
00
00
12
00
00
00
00
00
00
00
00
00
00
00
00
00
00
00
00
00
00
00
5b
01
00
00
12
00
00
00
00
00
00
00
00
00
00
00
00
00
00
00
00
00
00
00
8d
02
00
00
12
00
00
00
00
00
00
00
00
00
00
00
00
00
00
00
00
00
00
00
d7
01
00
00
12
00
00
00
00
00
00
00
00
00
00
00
00
00
00
00
00
00
00
00
dc
01
00
00
12
00
00
00
00
00
00
00
00
00
00
00
00
00
00
00
00
00
00
00
c9
01
00
00
12
00
00
00
00
00
00
00
00
00
00
00
00
00
00
00
00
00
00
00
2c
00
00
00
20
00
00
00
00
00
00
00
00
00
00
00
00
00
00
00
00
00
00
00
46
00
00
00
22
00
00
00
00
00
00
00
00
00
00
00
00
00
00
00
00
00
00
00
46
01
00
00
12
00
00
00
00
00
00
00
00
00
00
00
00
00
00
00
00
00
00
00
c2
01
00
00
11
00
00
00
00
00
00
00
00
00
00
00
00
00
00
00
00
00
00
00
b0
02
00
00
12
00
0e
00
80
df
00
00
00
00
00
00
a8
02
00
00
00
00
00
00
20
01
00
00
12
00
0e
00
d0
31
00
00
00
00
00
00
a9
01
00
00
00
00
00
00
d6
00
00
00
12
00
0e
00
70
2f
00
00
00
00
00
00
7d
00
00
00
00
00
00
00
88
00
00
00
12
00
0e
00
60
2b
00
00
00
00
00
00
53
00
00
00
00
00
00
00
ce
02
00
00
12
00
0e
00
30
e2
00
00
00
00
00
00
48
01
00
00
00
00
00
00
1f
02
00
00
12
00
0e
00
c0
9d
00
00
00
00
00
00
90
01
00
00
00
00
00
00
00
03
00
00
12
00
0e
00
c0
e3
00
00
00
00
00
00
60
00
00
00
00
00
00
00
c3
00
00
00
12
00
0e
00
20
2d
00
00
00
00
00
00
46
02
00
00
00
00
00
00
f4
02
00
00
12
00
0e
00
a0
e3
00
00
00
00
00
00
15
00
00
00
00
00
00
00
95
02
00
00
11
00
18
00
20
24
01
00
00
00
00
00
00
08
00
00
00
00
00
00
9a
00
00
00
12
00
0e
00
c0
2b
00
00
00
00
00
00
49
01
00
00
00
00
00
00
3a
02
00
00
12
00
0e
00
30
a1
00
00
00
00
00
00
84
02
00
00
00
00
00
00
6d
00
00
00
11
00
18
00
20
20
01
00
00
00
00
00
00
04
00
00
00
00
00
00
e9
02
00
00
12
00
0e
00
80
e3
00
00
00
00
00
00
13
00
00
00
00
00
00
00
07
02
00
00
12
00
0e
00
10
5a
00
00
00
00
00
00
d8
3e
00
00
00
00
00
00
9f
02
00
00
12
00
0e
00
50
d0
00
00
00
00
00
00
2c
0f
00
00
00
00
00
00
37
01
00
00
12
00
0e
00
80
33
00
00
00
00
00
00
2b
02
00
00
00
00
00
00
0b
03
00
00
12
00
0e
00
20
e4
00
00
00
00
00
00
60
00
00
00
00
00
00
00
7e
02
00
00
12
00
0e
00
50
a5
00
00
00
00
00
00
f3
2a
00
00
00
00
00
00
2e
02
00
00
12
00
0e
00
50
9f
00
00
00
00
00
00
d3
01
00
00
00
00
00
00
65
02
00
00
12
00
0e
00
e0
a3
00
00
00
00
00
00
63
01
00
00
00
00
00
00
87
01
00
00
12
00
0e
00
b0
38
00
00
00
00
00
00
8e
00
00
00
00
00
00
00
9b
01
00
00
12
00
0e
00
40
39
00
00
00
00
00
00
0c
00
00
00
00
00
00
00
54
02
00
00
12
00
0e
00
c0
a3
00
00
00
00
00
00
1a
00
00
00
00
00
00
00
17
03
00
00
12
00
0e
00
80
e4
00
00
00
00
00
00
07
00
00
00
00
00
00
00
f1
01
00
00
12
00
0e
00
70
55
00
00
00
00
00
00
96
04
00
00
00
00
00
00
ac
01
00
00
12
00
0e
00
50
39
00
00
00
00
00
00
6c
00
00
00
00
00
00
00
0c
01
00
00
12
00
0e
00
40
31
00
00
00
00
00
00
8d
00
00
00
00
00
00
00
b3
00
00
00
12
00
0e
00
10
2d
00
00
00
00
00
00
10
00
00
00
00
00
00
00
fd
00
00
00
12
00
0e
00
00
31
00
00
00
00
00
00
31
00
00
00
00
00
00
00
2f
03
00
00
12
00
0e
00
40
e5
00
00
00
00
00
00
23
00
00
00
00
00
00
00
e8
00
00
00
12
00
0e
00
f0
2f
00
00
00
00
00
00
04
01
00
00
00
00
00
00
23
03
00
00
12
00
0e
00
90
e4
00
00
00
00
00
00
aa
00
00
00
00
00
00
00
e3
01
00
00
12
00
0e
00
80
53
00
00
00
00
00
00
e6
01
00
00
00
00
00
00
77
01
00
00
12
00
0e
00
20
38
00
00
00
00
00
00
8e
00
00
00
00
00
00
00
00
5f
5f
67
6d
6f
6e
5f
73
74
61
72
74
5f
5f
00
5f
49
54
4d
5f
64
65
72
65
67
69
73
74
65
72
54
4d
43
6c
6f
6e
65
54
61
62
6c
65
00
5f
49
54
4d
5f
72
65
67
69
73
74
65
72
54
4d
43
6c
6f
6e
65
54
61
62
6c
65
00
5f
5f
63
78
61
5f
66
69
6e
61
6c
69
7a
65
00
6d
65
6d
73
65
74
00
5f
5f
73
74
61
63
6b
5f
63
68
6b
5f
66
61
69
6c
00
42
5a
32
5f
63
72
63
33
32
54
61
62
6c
65
00
6d
61
6c
6c
6f
63
00
66
72
65
65
00
42
5a
32
5f
68
62
41
73
73
69
67
6e
43
6f
64
65
73
00
42
5a
32
5f
68
62
43
72
65
61
74
65
44
65
63
6f
64
65
54
61
62
6c
65
73
00
42
5a
32
5f
62
73
49
6e
69
74
57
72
69
74
65
00
42
5a
32
5f
62
7a
43
6f
6d
70
72
65
73
73
49
6e
69
74
00
42
5a
32
5f
62
7a
43
6f
6d
70
72
65
73
73
45
6e
64
00
42
5a
32
5f
62
7a
44
65
63
6f
6d
70
72
65
73
73
49
6e
69
74
00
42
5a
32
5f
69
6e
64
65
78
49
6e
74
6f
46
00
42
5a
32
5f
62
7a
44
65
63
6f
6d
70
72
65
73
73
45
6e
64
00
42
5a
32
5f
62
7a
57
72
69
74
65
4f
70
65
6e
00
66
65
72
72
6f
72
00
42
5a
32
5f
62
7a
52
65
61
64
4f
70
65
6e
00
5f
5f
63
74
79
70
65
5f
62
5f
6c
6f
63
00
73
74
64
6f
75
74
00
66
64
6f
70
65
6e
00
73
74
64
69
6e
00
66
6f
70
65
6e
36
34
00
66
63
6c
6f
73
65
00
42
5a
32
5f
62
7a
52
65
61
64
43
6c
6f
73
65
00
42
5a
32
5f
62
7a
52
65
61
64
47
65
74
55
6e
75
73
65
64
00
42
5a
32
5f
62
7a
6c
69
62
56
65
72
73
69
6f
6e
00
42
5a
32
5f
62
7a
5f
5f
41
73
73
65
72
74
48
5f
5f
66
61
69
6c
00
73
74
64
65
72
72
00
5f
5f
66
70
72
69
6e
74
66
5f
63
68
6b
00
65
78
69
74
00
66
77
72
69
74
65
00
42
5a
32
5f
62
6c
6f
63
6b
53
6f
72
74
00
42
5a
32
5f
68
62
4d
61
6b
65
43
6f
64
65
4c
65
6e
67
74
68
73
00
42
5a
32
5f
63
6f
6d
70
72
65
73
73
42
6c
6f
63
6b
00
66
70
75
74
63
00
42
5a
32
5f
62
7a
43
6f
6d
70
72
65
73
73
00
42
5a
32
5f
62
7a
57
72
69
74
65
00
42
5a
32
5f
62
7a
57
72
69
74
65
43
6c
6f
73
65
36
34
00
66
66
6c
75
73
68
00
42
5a
32
5f
62
7a
57
72
69
74
65
43
6c
6f
73
65
00
42
5a
32
5f
62
7a
42
75
66
66
54
6f
42
75
66
66
43
6f
6d
70
72
65
73
73
00
42
5a
32
5f
64
65
63
6f
6d
70
72
65
73
73
00
6d
65
6d
6d
6f
76
65
00
42
5a
32
5f
72
4e
75
6d
73
00
42
5a
32
5f
62
7a
44
65
63
6f
6d
70
72
65
73
73
00
42
5a
32
5f
62
7a
52
65
61
64
00
66
67
65
74
63
00
75
6e
67
65
74
63
00
66
72
65
61
64
00
42
5a
32
5f
62
7a
42
75
66
66
54
6f
42
75
66
66
44
65
63
6f
6d
70
72
65
73
73
00
42
5a
32
5f
62
7a
6f
70
65
6e
00
42
5a
32
5f
62
7a
64
6f
70
65
6e
00
42
5a
32
5f
62
7a
72
65
61
64
00
42
5a
32
5f
62
7a
77
72
69
74
65
00
42
5a
32
5f
62
7a
66
6c
75
73
68
00
42
5a
32
5f
62
7a
63
6c
6f
73
65
00
42
5a
32
5f
62
7a
65
72
72
6f
72
00
6c
69
62
63
2e
73
6f
2e
36
00
6c
69
62
62
7a
32
2e
73
6f
2e
31
2e
30
00
47
4c
49
42
43
5f
32
2e
33
00
47
4c
49
42
43
5f
32
2e
33
2e
34
00
47
4c
49
42
43
5f
32
2e
34
00
47
4c
49
42
43
5f
32
2e
32
2e
35
00
00
00
00
02
00
01
00
02
00
02
00
02
00
02
00
02
00
03
00
02
00
02
00
02
00
01
00
02
00
02
00
02
00
02
00
02
00
02
00
02
00
02
00
04
00
01
00
02
00
05
00
02
00
01
00
01
00
01
00
01
00
01
00
01
00
01
00
01
00
01
00
01
00
01
00
01
00
01
00
01
00
01
00
01
00
01
00
01
00
01
00
01
00
01
00
01
00
01
00
01
00
01
00
01
00
01
00
01
00
01
00
01
00
01
00
01
00
01
00
01
00
01
00
00
00
00
00
00
00
01
00
04
00
3b
03
00
00
10
00
00
00
00
00
00
00
13
69
69
0d
00
00
05
00
53
03
00
00
10
00
00
00
74
19
69
09
00
00
04
00
5d
03
00
00
10
00
00
00
14
69
69
0d
00
00
03
00
69
03
00
00
10
00
00
00
75
1a
69
09
00
00
02
00
73
03
00
00
00
00
00
00
90
1c
01
00
00
00
00
00
08
00
00
00
00
00
00
00
30
23
00
00
00
00
00
00
98
1c
01
00
00
00
00
00
08
00
00
00
00
00
00
00
f0
22
00
00
00
00
00
00
a0
1c
01
00
00
00
00
00
08
00
00
00
00
00
00
00
d8
f0
00
00
00
00
00
00
a8
1c
01
00
00
00
00
00
08
00
00
00
00
00
00
00
db
f0
00
00
00
00
00
00
b0
1c
01
00
00
00
00
00
08
00
00
00
00
00
00
00
ea
f0
00
00
00
00
00
00
b8
1c
01
00
00
00
00
00
08
00
00
00
00
00
00
00
f6
f0
00
00
00
00
00
00
c0
1c
01
00
00
00
00
00
08
00
00
00
00
00
00
00
00
f1
00
00
00
00
00
00
c8
1c
01
00
00
00
00
00
08
00
00
00
00
00
00
00
0b
f1
00
00
00
00
00
00
d0
1c
01
00
00
00
00
00
08
00
00
00
00
00
00
00
1c
f1
00
00
00
00
00
00
d8
1c
01
00
00
00
00
00
08
00
00
00
00
00
00
00
25
f1
00
00
00
00
00
00
e0
1c
01
00
00
00
00
00
08
00
00
00
00
00
00
00
34
f1
00
00
00
00
00
00
e8
1c
01
00
00
00
00
00
08
00
00
00
00
00
00
00
41
f1
00
00
00
00
00
00
f0
1c
01
00
00
00
00
00
08
00
00
00
00
00
00
00
4e
f1
00
00
00
00
00
00
f8
1c
01
00
00
00
00
00
08
00
00
00
00
00
00
00
4e
f1
00
00
00
00
00
00
00
1d
01
00
00
00
00
00
08
00
00
00
00
00
00
00
4e
f1
00
00
00
00
00
00
08
1d
01
00
00
00
00
00
08
00
00
00
00
00
00
00
4e
f1
00
00
00
00
00
00
10
1d
01
00
00
00
00
00
08
00
00
00
00
00
00
00
4e
f1
00
00
00
00
00
00
18
1d
01
00
00
00
00
00
08
00
00
00
00
00
00
00
4e
f1
00
00
00
00
00
00
00
20
01
00
00
00
00
00
08
00
00
00
00
00
00
00
00
20
01
00
00
00
00
00
b8
1f
01
00
00
00
00
00
06
00
00
00
02
00
00
00
00
00
00
00
00
00
00
00
c0
1f
01
00
00
00
00
00
06
00
00
00
03
00
00
00
00
00
00
00
00
00
00
00
c8
1f
01
00
00
00
00
00
06
00
00
00
06
00
00
00
