00
00
00
00
00
00
00
00
00
00
00
00
00
00
00
00
00
00
00
00
00
00
00
00
00
00
00
00
00
00
00
00
00
00
00
00
00
00
00
00
00
00
00
00
00
00
00
00
00
00
00
00
00
00
00
00
00
00
00
00
00
00
00
00
00
00
00
01
01
00
00
01
02
00
00
01
03
00
00
01
04
00
00
01
05
00
00
01
06
00
00
01
07
00
00
01
08
00
00
01
09
00
00
01
0a
00
00
01
0b
00
00
01
0c
00
00
01
0d
00
00
01
0e
00
00
01
0f
00
00
01
10
00
00
01
11
00
00
01
12
00
00
01
13
00
00
01
14
00
00
01
15
00
00
01
16
00
00
01
17
00
00
01
18
00
00
01
19
00
00
01
1a
00
00
01
1b
00
00
01
1c
00
00
01
1d
00
00
01
1e
00
00
01
1f
00
00
01
20
00
00
01
21
00
00
01
22
00
00
01
23
00
00
01
24
00
00
01
25
00
00
01
26
00
00
01
27
00
00
01
28
00
00
01
29
00
00
01
2a
00
00
01
2b
00
00
01
2c
00
00
01
2d
00
00
01
2e
00
00
01
2f
00
00
01
30
00
00
01
31
00
00
01
32
00
00
01
33
00
00
01
34
00
00
01
35
00
00
01
36
00
00
01
37
00
00
01
38
00
00
01
39
00
00
01
3a
00
00
01
3b
00
00
01
3c
00
00
01
3d
00
00
01
3e
00
00
01
3f
00
00
01
00
00
00
00
00
00
00
00
00
00
00
00
00
00
00
00
00
00
00
00
00
00
00
00
00
00
00
00
00
00
00
00
00
00
00
00
00
00
00
00
00
00
00
00
00
00
00
00
00
00
00
00
00
00
00
00
00
00
00
00
00
00
00
00
00
00
00
02
01
00
00
02
02
00
00
02
03
00
00
02
04
00
00
02
05
00
00
02
06
00
00
02
07
00
00
02
08
00
00
02
09
00
00
02
0a
00
00
02
0b
00
00
02
0c
00
00
02
0d
00
00
02
0e
00
00
02
0f
00
00
02
10
00
00
02
11
00
00
02
12
00
00
02
13
00
00
02
14
00
00
02
15
00
00
02
16
00
00
02
17
00
00
02
18
00
00
02
19
00
00
02
1a
00
00
02
1b
00
00
02
1c
00
00
02
1d
00
00
02
1e
00
00
02
1f
00
00
02
20
00
00
02
21
00
00
02
22
00
00
02
23
00
00
02
24
00
00
02
25
00
00
02
26
00
00
02
27
00
00
02
28
00
00
02
29
00
00
02
2a
00
00
02
2b
00
00
02
2c
00
00
02
2d
00
00
02
2e
00
00
02
2f
00
00
02
30
00
00
02
31
00
00
02
32
00
00
02
33
00
00
02
34
00
00
02
35
00
00
02
36
00
00
02
37
00
00
02
38
00
00
02
39
00
00
02
3a
00
00
02
3b
00
00
02
3c
00
00
02
3d
00
00
02
3e
00
00
02
3f
00
00
02
40
00
00
00
ff
07
00
00
00
01
00
00
00
00
00
00
80
01
00
00
ff
07
00
00
00
01
00
00
00
00
00
00
00
00
00
00
00
00
00
00
00
00
00
00
00
00
00
00
00
00
00
00
00
00
00
00
00
00
00
00
00
00
00
00
00
00
00
00
00
00
00
00
00
00
00
00
00
00
00
00
00
00
00
00
00
00
00
00
00
00
00
00
00
00
00
00
