00
00
00
00
00
00
00
00
00
00
00
00
00
00
00
00
00
00
00
00
00
00
00
00
00
00
00
00
00
00
00
00
00
00
00
00
00
00
00
00
00
00
00
00
00
00
00
00
00
00
00
00
00
00
00
00
00
00
00
00
00
00
00
00
00
00
00
00
00
00
00
00
00
00
00
00
00
00
00
00
00
00
00
00
00
00
00
00
00
00
00
00
00
00
00
00
00
00
00
00
00
00
00
00
00
00
00
00
00
00
00
00
00
00
00
00
00
00
00
00
00
00
00
00
00
00
00
00
00
00
00
00
00
00
00
00
00
00
00
00
00
00
00
00
00
00
00
00
00
00
00
00
00
00
00
00
00
00
00
00
00
00
00
00
00
00
00
00
00
00
00
00
00
00
00
00
00
00
00
00
00
00
00
00
00
00
00
00
00
00
00
00
00
00
00
00
00
00
00
00
00
00
00
00
00
00
00
00
00
00
00
00
00
00
00
00
00
00
00
00
00
00
00
00
00
00
00
00
00
00
00
00
00
00
00
00
00
00
00
00
00
00
00
00
00
00
00
00
00
00
00
00
00
00
00
00
00
00
00
00
00
00
00
00
00
00
00
00
00
00
00
00
00
00
00
00
00
00
00
00
00
00
00
00
00
00
00
00
00
00
00
00
00
00
00
00
00
00
00
00
00
00
00
00
00
00
00
00
00
00
00
00
00
00
00
00
00
00
00
00
00
00
00
00
00
00
00
00
00
00
00
00
00
00
00
00
00
00
00
00
00
00
00
00
00
00
00
00
00
00
00
00
00
00
00
00
00
00
00
00
00
00
00
00
00
00
00
00
00
00
00
00
00
00
00
00
00
00
00
00
00
00
00
00
00
00
00
00
00
00
00
00
00
00
00
00
00
00
00
00
00
00
00
00
00
00
00
00
00
00
00
00
00
00
00
00
00
00
00
00
00
00
00
00
00
00
00
00
00
00
00
00
00
00
00
00
00
00
00
00
00
00
00
00
00
00
00
00
00
00
00
00
00
00
00
00
00
00
00
00
00
00
00
00
00
00
00
00
00
00
00
00
00
00
00
00
00
00
00
00
00
00
00
00
00
00
00
00
00
00
00
00
00
00
00
00
00
00
00
00
00
00
00
00
00
00
00
00
00
00
00
00
00
00
00
00
00
00
00
00
00
00
00
00
00
00
00
00
00
00
00
00
00
00
00
00
00
00
00
00
00
00
00
00
00
00
00
00
00
00
00
00
00
00
00
00
00
00
00
00
00
00
00
00
00
00
00
00
00
00
00
00
00
00
00
00
00
00
00
00
00
00
00
00
00
00
00
00
00
00
00
00
00
00
00
00
00
00
00
00
00
00
00
00
00
00
00
00
00
00
00
00
00
00
00
00
00
00
00
00
00
00
00
00
00
00
00
00
00
00
00
00
00
00
00
00
00
00
00
00
00
00
00
00
00
00
00
00
00
00
00
00
00
00
00
00
00
00
00
00
00
00
00
00
00
00
00
00
00
00
00
00
00
00
00
00
00
00
00
00
00
00
00
00
00
00
00
00
00
00
00
00
00
00
00
00
00
00
00
00
00
00
00
00
00
00
00
00
00
00
00
00
00
00
00
00
00
00
00
00
00
00
00
00
00
00
00
00
00
00
00
00
00
00
00
00
00
00
00
00
00
00
00
00
00
00
00
00
00
00
00
00
00
00
00
00
00
00
00
00
00
00
00
00
00
00
00
00
00
00
00
00
00
00
00
00
00
00
00
00
00
00
00
00
00
00
00
00
00
00
00
00
00
00
00
00
00
00
00
00
00
00
00
00
00
00
00
00
00
00
00
00
00
00
00
00
00
00
00
00
00
00
00
00
00
00
00
00
00
00
00
00
00
00
00
00
00
00
00
00
00
00
00
00
00
00
00
00
00
00
00
00
00
00
00
00
00
00
00
00
00
00
00
00
00
00
00
00
00
00
00
00
00
00
00
00
00
00
00
00
00
00
00
00
00
00
00
00
00
00
00
00
00
00
00
00
00
00
00
00
00
00
00
00
00
00
00
00
00
00
00
00
00
00
00
00
00
00
00
00
00
00
00
00
00
00
00
00
00
00
00
00
00
00
00
00
00
00
00
00
00
00
00
00
00
00
00
00
00
00
00
00
00
00
00
00
00
00
00
00
00
00
00
00
00
00
00
00
00
00
00
00
00
00
00
00
00
00
00
00
00
00
00
00
00
00
00
00
00
00
00
00
00
00
00
00
00
00
00
00
00
00
00
00
00
00
00
00
00
00
00
00
00
00
00
00
00
00
00
00
00
00
00
00
00
00
00
00
00
00
00
00
00
00
00
00
00
00
00
00
00
00
00
00
00
00
00
00
00
00
00
00
00
00
00
00
00
00
00
00
00
00
00
00
00
00
00
00
00
00
00
00
00
00
00
00
00
00
00
00
00
00
00
00
00
00
00
00
00
00
00
00
00
00
00
00
00
00
00
00
00
00
00
00
00
00
00
00
00
00
00
00
00
00
00
00
00
00
00
00
00
00
00
00
00
00
00
00
00
00
00
00
00
00
00
00
00
00
00
00
00
00
00
00
00
00
00
00
00
00
00
00
00
00
00
00
00
00
00
00
00
00
00
00
00
00
00
00
00
00
00
00
00
00
00
00
00
00
00
00
00
00
00
00
00
00
00
00
00
00
00
00
00
00
00
00
00
00
00
00
00
00
00
00
00
00
00
00
00
00
00
00
00
00
00
00
00
00
00
00
00
00
00
00
00
00
00
00
00
00
00
00
00
00
00
00
00
00
00
00
00
00
00
00
00
00
00
00
00
00
00
00
00
00
00
00
00
00
00
00
00
00
00
00
00
00
00
00
00
00
00
00
00
00
00
00
00
00
00
00
00
00
00
00
00
00
00
00
00
00
00
00
00
00
00
00
00
00
00
00
00
00
00
00
00
00
00
00
00
00
00
00
00
00
00
00
00
00
00
00
00
00
00
00
00
00
00
00
00
00
00
00
00
00
00
00
00
00
00
00
00
00
00
00
00
00
00
00
00
00
00
00
00
00
00
00
00
00
00
00
00
00
00
00
00
00
00
00
00
00
00
00
00
00
00
00
00
00
00
00
00
00
00
00
00
00
00
00
00
00
00
00
00
00
00
00
00
00
00
00
00
00
00
00
00
00
00
00
00
00
00
00
00
00
00
00
00
00
00
00
00
00
00
00
00
00
00
00
00
00
00
00
00
00
00
00
00
00
00
00
00
00
00
00
00
00
00
00
00
00
00
00
00
00
00
00
00
00
00
00
00
00
00
00
00
00
00
00
00
00
00
00
00
00
00
00
00
00
00
00
00
00
00
00
00
00
00
00
00
00
00
00
00
00
00
00
00
00
00
00
00
00
00
00
00
00
00
00
00
00
00
00
00
00
00
00
00
00
00
00
00
00
00
00
00
00
00
00
00
00
00
00
00
00
00
00
00
00
00
00
00
00
00
00
00
00
00
00
00
00
00
00
00
00
00
00
00
00
00
00
00
00
00
00
00
00
00
00
41
40
6d
20
3c
7f
00
00
c9
38
6d
20
3c
7f
00
00
af
38
6d
20
3c
7f
00
00
49
40
6d
20
3c
7f
00
00
59
40
6d
20
3c
7f
00
00
e1
38
6d
20
3c
7f
00
00
71
40
6d
20
3c
7f
00
00
8b
40
6d
20
3c
7f
00
00
a2
40
6d
20
3c
7f
00
00
b4
40
6d
20
3c
7f
00
00
c8
40
6d
20
3c
7f
00
00
48
7b
6d
20
3c
7f
00
00
87
38
6d
20
3c
7f
00
00
f4
38
6d
20
3c
7f
00
00
db
40
6d
20
3c
7f
00
00
e7
40
6d
20
3c
7f
00
00
fd
40
6d
20
3c
7f
00
00
15
41
6d
20
3c
7f
00
00
21
41
6d
20
3c
7f
00
00
3b
41
6d
20
3c
7f
00
00
4a
41
6d
20
3c
7f
00
00
5a
41
6d
20
3c
7f
00
00
9e
38
6d
20
3c
7f
00
00
69
41
6d
20
3c
7f
00
00
87
41
6d
20
3c
7f
00
00
70
7b
6d
20
3c
7f
00
00
9b
41
6d
20
3c
7f
00
00
aa
41
6d
20
3c
7f
00
00
b9
41
6d
20
3c
7f
00
00
d1
41
6d
20
3c
7f
00
00
de
41
6d
20
3c
7f
00
00
f4
41
6d
20
3c
7f
00
00
03
42
6d
20
3c
7f
00
00
90
7b
6d
20
3c
7f
00
00
0f
42
6d
20
3c
7f
00
00
2d
42
6d
20
3c
7f
00
00
47
42
6d
20
3c
7f
00
00
5a
42
6d
20
3c
7f
00
00
6d
42
6d
20
3c
7f
00
00
86
42
6d
20
3c
7f
00
00
b8
7b
6d
20
3c
7f
00
00
00
00
00
00
00
00
00
00
9a
42
6d
20
3c
7f
00
00
b5
42
6d
20
3c
7f
00
00
c8
42
6d
20
3c
7f
00
00
e4
42
6d
20
3c
7f
00
00
fd
42
6d
20
3c
7f
00
00
0c
43
6d
20
3c
7f
00
00
1a
43
6d
20
3c
7f
00
00
33
43
6d
20
3c
7f
00
00
50
43
6d
20
3c
7f
00
00
6b
43
6d
20
3c
7f
00
00
7a
43
6d
20
3c
7f
00
00
8b
43
6d
20
3c
7f
00
00
a6
43
6d
20
3c
7f
00
00
b4
43
6d
20
3c
7f
00
00
bd
43
6d
20
3c
7f
00
00
d2
43
6d
20
3c
7f
00
00
00
00
00
00
00
00
00
00
df
43
6d
20
3c
7f
00
00
f4
43
6d
20
3c
7f
00
00
08
44
6d
20
3c
7f
00
00
1a
44
6d
20
3c
7f
00
00
28
44
6d
20
3c
7f
00
00
41
44
6d
20
3c
7f
00
00
5f
44
6d
20
3c
7f
00
00
75
44
6d
20
3c
7f
00
00
86
44
6d
20
3c
7f
00
00
9c
44
6d
20
3c
7f
00
00
ac
44
6d
20
3c
7f
00
00
ba
44
6d
20
3c
7f
00
00
d6
44
6d
20
3c
7f
00
00
e5
44
6d
20
3c
7f
00
00
f8
44
6d
20
3c
7f
00
00
0b
45
6d
20
3c
7f
00
00
e0
7b
6d
20
3c
7f
00
00
17
45
6d
20
3c
7f
00
00
32
45
6d
20
3c
7f
00
00
4f
45
6d
20
3c
7f
00
00
08
7c
6d
20
3c
7f
00
00
30
7c
6d
20
3c
7f
00
00
58
7c
6d
20
3c
7f
00
00
78
7c
6d
20
3c
7f
00
00
a8
7c
6d
20
3c
7f
00
00
d0
7c
6d
20
3c
7f
00
00
08
7d
6d
20
3c
7f
00
00
66
45
6d
20
3c
7f
00
00
79
45
6d
20
3c
7f
00
00
38
7d
6d
20
3c
7f
00
00
88
45
6d
20
3c
7f
00
00
a5
45
6d
20
3c
7f
00
00
58
7d
6d
20
3c
7f
00
00
b6
45
6d
20
3c
7f
00
00
cd
45
6d
20
3c
7f
00
00
e4
45
6d
20
3c
7f
00
00
fe
45
6d
20
3c
7f
00
00
16
46
6d
20
3c
7f
00
00
78
7d
6d
20
3c
7f
00
00
34
46
6d
20
3c
7f
00
00
a8
7d
6d
20
3c
7f
00
00
4b
46
6d
20
3c
7f
00
00
5b
46
6d
20
3c
7f
00
00
c8
7d
6d
20
3c
7f
00
00
f0
7d
6d
20
3c
7f
00
00
72
46
6d
20
3c
7f
00
00
8b
46
6d
20
3c
7f
00
00
18
7e
6d
20
3c
7f
00
00
40
7e
6d
20
3c
7f
00
00
68
7e
6d
20
3c
7f
00
00
98
7e
6d
20
3c
7f
00
00
a5
46
6d
20
3c
7f
00
00
ba
46
6d
20
3c
7f
00
00
cd
46
6d
20
3c
7f
00
00
da
46
6d
20
3c
7f
00
00
eb
46
6d
20
3c
7f
00
00
09
47
6d
20
3c
7f
00
00
23
47
6d
20
3c
7f
00
00
35
47
6d
20
3c
7f
00
00
4e
47
6d
20
3c
7f
00
00
6a
47
6d
20
3c
7f
00
00
88
47
6d
20
3c
7f
00
00
9d
47
6d
20
3c
7f
00
00
ae
47
6d
20
3c
7f
00
00
c2
47
6d
20
3c
7f
00
00
d2
47
6d
20
3c
7f
00
00
e4
47
6d
20
3c
7f
00
00
f7
47
6d
20
3c
7f
00
00
12
48
6d
20
3c
7f
00
00
22
48
6d
20
3c
7f
00
00
37
48
6d
20
3c
7f
00
00
53
48
6d
20
3c
7f
00
00
5e
48
6d
20
3c
7f
00
00
c0
7e
6d
20
3c
7f
00
00
e8
7e
6d
20
3c
7f
00
00
00
00
00
00
00
00
00
00
00
00
00
00
00
00
00
00
a0
9f
7c
1b
3c
7f
00
00
11
00
00
00
00
00
00
00
cd
cd
bd
91
fe
7f
00
00
00
00
00
00
00
00
00
00
00
10
b4
72
c3
55
00
00
78
32
b5
72
c3
55
00
00
e0
02
6e
20
3c
7f
00
00
a4
e4
b4
72
c3
55
00
00
80
0f
6e
20
3c
7f
00
00
00
00
00
00
00
00
00
00
17
00
00
00
00
00
00
00
0a
00
00
00
00
00
00
00
60
0e
6e
20
3c
7f
00
00
00
00
00
00
00
00
00
00
ff
ff
ff
ff
ff
ff
ff
ff
00
00
00
00
00
00
00
00
00
00
00
01
00
00
00
00
a0
09
00
00
00
00
00
00
20
00
00
00
00
00
00
00
00
00
00
00
00
00
00
00
67
6c
69
62
63
2e
72
74
6c
64
2e
6e
6e
73
00
00
00
00
00
00
00
00
00
00
00
00
00
00
00
00
00
00
00
00
00
00
00
00
00
00
00
00
00
00
00
00
00
00
02
00
00
00
00
00
00
00
01
00
00
00
00
00
00
00
10
00
00
00
00
00
00
00
04
00
00
00
00
00
00
00
00
00
00
00
00
00
00
00
00
00
00
00
00
00
00
00
00
00
00
00
00
00
00
00
00
00
00
00
00
00
00
00
67
6c
69
62
63
2e
65
6c
69
73
69
6f
6e
2e
73
6b
69
70
5f
6c
6f
63
6b
5f
61
66
74
65
72
5f
72
65
74
72
69
65
73
00
00
00
00
00
00
00
00
00
00
00
00
00
00
00
00
00
00
00
00
00
00
00
00
00
00
00
ff
ff
ff
7f
00
00
00
00
03
00
00
00
00
00
00
00
00
00
00
00
00
00
00
00
00
00
00
00
00
00
00
00
00
00
00
00
00
00
00
00
00
00
00
00
00
00
00
00
67
6c
69
62
63
2e
6d
61
6c
6c
6f
63
2e
74
72
69
6d
5f
74
68
72
65
73
68
6f
6c
64
00
00
00
00
00
00
00
00
00
00
00
00
00
00
00
00
00
00
00
00
00
02
00
00
00
00
00
00
00
00
00
00
00
00
00
00
00
ff
ff
ff
ff
ff
ff
ff
ff
00
00
00
00
00
00
00
00
00
00
00
00
01
00
00
00
4d
41
4c
4c
4f
43
5f
54
52
49
4d
5f
54
48
52
45
53
48
4f
4c
44
5f
00
00
67
6c
69
62
63
2e
6d
61
6c
6c
6f
63
2e
70
65
72
74
75
72
62
00
00
00
00
00
00
00
00
00
00
00
00
00
00
00
00
00
00
00
00
00
00
00
00
00
00
00
00
00
00
00
00
00
00
00
00
00
00
00
00
00
00
00
00
ff
00
00
00
00
00
00
00
00
00
00
00
00
00
00
00
00
00
00
00
01
00
00
00
4d
41
4c
4c
4f
43
5f
50
45
52
54
55
52
42
5f
00
00
00
00
00
00
00
00
00
67
6c
69
62
63
2e
63
70
75
2e
78
38
36
5f
73
68
61
72
65
64
5f
63
61
63
68
65
5f
73
69
7a
65
00
00
00
00
00
00
00
00
00
00
00
00
00
00
00
00
00
02
00
00
00
00
00
00
00
00
00
00
00
00
00
00
00
ff
ff
ff
ff
ff
ff
ff
ff
00
00
10
00
00
00
00
00
01
00
00
00
00
00
00
00
00
00
00
00
00
00
00
00
00
00
00
00
00
00
00
00
00
00
00
00
00
00
00
00
67
6c
69
62
63
2e
70
74
68
72
65
61
64
2e
72
73
65
71
00
00
00
00
00
00
00
00
00
00
00
00
00
00
00
00
00
00
00
00
00
00
00
00
00
00
00
00
00
00
00
00
00
00
00
00
00
00
00
00
00
00
00
00
00
00
01
00
00
00
00
00
00
00
01
00
00
00
00
00
00
00
00
00
00
00
00
00
00
00
00
00
00
00
00
00
00
00
00
00
00
00
00
00
00
00
00
00
00
00
00
00
00
00
67
6c
69
62
63
2e
6d
65
6d
2e
74
61
67
67
69
6e
67
00
00
00
00
00
00
00
00
00
00
00
00
00
00
00
00
00
00
00
00
00
00
00
00
00
00
00
00
00
00
00
00
00
00
00
00
00
00
00
00
00
00
00
00
00
00
00
ff
00
00
00
00
00
00
00
00
00
00
00
00
00
00
00
00
00
00
00
01
00
00
00
00
00
00
00
00
00
00
00
00
00
00
00
00
00
00
00
00
00
00
00
00
00
00
00
67
6c
69
62
63
2e
65
6c
69
73
69
6f
6e
2e
74
72
69
65
73
00
00
00
00
00
00
00
00
00
00
00
00
00
00
00
00
00
00
00
00
00
00
00
00
00
00
00
00
00
00
00
00
00
00
00
00
00
00
00
00
00
00
00
00
00
ff
ff
ff
7f
00
00
00
00
03
00
00
00
00
00
00
00
00
00
00
00
00
00
00
00
00
00
00
00
00
00
00
00
00
00
00
00
00
00
00
00
00
00
00
00
00
00
00
00
67
6c
69
62
63
2e
65
6c
69
73
69
6f
6e
2e
65
6e
61
62
6c
65
00
00
00
00
00
00
00
00
00
00
00
00
00
00
00
00
00
00
00
00
00
00
00
00
00
00
00
00
00
00
00
00
00
00
00
00
00
00
00
00
00
00
00
00
01
00
00
00
00
00
00
00
00
00
00
00
00
00
00
00
00
00
00
00
00
00
00
00
00
00
00
00
00
00
00
00
00
00
00
00
00
00
00
00
00
00
00
00
00
00
00
00
67
6c
69
62
63
2e
6d
61
6c
6c
6f
63
2e
68
75
67
65
74
6c
62
00
00
00
00
00
00
00
00
00
00
00
00
00
00
00
00
00
00
00
00
00
00
00
00
00
00
00
00
02
00
00
00
00
00
00
00
00
00
00
00
00
00
00
00
ff
ff
ff
ff
ff
ff
ff
ff
00
00
00
00
00
00
00
00
00
00
00
00
00
00
00
00
00
00
00
00
00
00
00
00
00
00
00
00
00
00
00
00
00
00
00
00
00
00
00
00
67
6c
69
62
63
2e
63
70
75
2e
78
38
36
5f
72
65
70
5f
6d
6f
76
73
62
5f
74
68
72
65
73
68
6f
6c
64
00
00
00
00
00
00
00
00
00
00
00
00
00
00
00
02
00
00
00
00
00
00
00
00
01
00
00
00
00
00
00
ff
ff
ff
ff
ff
ff
ff
ff
00
20
00
00
00
00
00
00
01
00
00
00
00
00
00
00
00
00
00
00
00
00
00
00
00
00
00
00
00
00
00
00
00
00
00
00
00
00
00
00
67
6c
69
62
63
2e
6d
61
6c
6c
6f
63
2e
6d
78
66
61
73
74
00
00
00
00
00
00
00
00
00
00
00
00
00
00
00
00
00
00
00
00
00
00
00
00
00
00
00
00
00
02
00
00
00
00
00
00
00
00
00
00
00
00
00
00
00
ff
ff
ff
ff
ff
ff
ff
ff
00
00
00
00
00
00
00
00
00
00
00
00
01
00
00
00
00
00
00
00
00
00
00
00
00
00
00
00
00
00
00
00
00
00
00
00
00
00
00
00
67
6c
69
62
63
2e
72
74
6c
64
2e
64
79
6e
61
6d
69
63
5f
73
6f
72
74
00
00
00
00
00
00
00
00
00
00
00
00
00
00
00
00
00
00
00
00
00
00
00
00
00
00
00
00
00
00
00
00
00
01
00
00
00
00
00
00
00
02
00
00
00
00
00
00
00
02
00
00
00
00
00
00
00
00
00
00
00
00
00
00
00
00
00
00
00
00
00
00
00
00
00
00
00
00
00
00
00
00
00
00
00
00
00
00
00
67
6c
69
62
63
2e
65
6c
69
73
69
6f
6e
2e
73
6b
69
70
5f
6c
6f
63
6b
5f
62
75
73
79
00
00
00
00
00
00
00
00
00
00
00
00
00
00
00
00
00
00
00
00
00
00
00
00
00
00
00
00
00
00
00
00
00
00
00
00
ff
ff
ff
7f
00
00
00
00
03
00
00
00
00
00
00
00
00
00
00
00
00
00
00
00
00
00
00
00
00
00
00
00
00
00
00
00
00
00
00
00
00
00
00
00
00
00
00
00
67
6c
69
62
63
2e
6d
61
6c
6c
6f
63
2e
74
6f
70
5f
70
61
64
00
00
00
00
00
00
00
00
00
00
00
00
00
00
00
00
00
00
00
00
00
00
00
00
00
00
00
00
02
00
00
00
00
00
00
00
00
00
00
00
00
00
00
00
ff
ff
ff
ff
ff
ff
ff
ff
00
00
00
00
00
00
00
00
00
00
00
00
01
00
00
00
4d
41
4c
4c
4f
43
5f
54
4f
50
5f
50
41
44
5f
00
00
00
00
00
00
00
00
00
67
6c
69
62
63
2e
63
70
75
2e
78
38
36
5f
72
65
70
5f
73
74
6f
73
62
5f
74
68
72
65
73
68
6f
6c
64
00
00
00
00
00
00
00
00
00
00
00
00
00
00
00
02
00
00
00
00
00
00
00
01
00
00
00
00
00
00
00
ff
ff
ff
ff
ff
ff
ff
ff
00
08
00
00
00
00
00
00
01
00
00
00
00
00
00
00
00
00
00
00
00
00
00
00
00
00
00
00
00
00
00
00
00
00
00
00
00
00
00
00
67
6c
69
62
63
2e
63
70
75
2e
78
38
36
5f
6e
6f
6e
5f
74
65
6d
70
6f
72
61
6c
5f
74
68
72
65
73
68
6f
6c
64
00
00
00
00
00
00
00
00
00
00
00
00
02
00
00
00
00
00
00
00
40
40
00
00
00
00
00
00
ff
ff
ff
ff
ff
ff
ff
0f
00
00
0c
00
00
00
00
00
01
00
00
00
00
00
00
00
00
00
00
00
00
00
00
00
00
00
00
00
00
00
00
00
00
00
00
00
00
00
00
00
67
6c
69
62
63
2e
63
70
75
2e
78
38
36
5f
73
68
73
74
6b
00
00
00
00
00
00
00
00
00
00
00
00
00
00
00
00
00
00
00
00
00
00
00
00
00
00
00
00
00
03
00
00
00
00
00
00
00
00
00
00
00
00
00
00
00
00
00
00
00
00
00
00
00
00
00
00
00
00
00
00
00
00
00
00
00
00
00
00
00
00
00
00
00
00
00
00
00
00
00
00
00
00
00
00
00
00
00
00
00
00
00
00
00
67
6c
69
62
63
2e
70
74
68
72
65
61
64
2e
73
74
61
63
6b
5f
63
61
63
68
65
5f
73
69
7a
65
00
00
00
00
00
00
00
00
00
00
00
00
00
00
00
00
00
00
02
00
00
00
00
00
00
00
00
00
00
00
00
00
00
00
ff
ff
ff
ff
ff
ff
ff
ff
00
00
80
02
00
00
00
00
00
00
00
00
00
00
00
00
00
00
00
00
00
00
00
00
00
00
00
00
00
00
00
00
00
00
00
00
00
00
00
00
67
6c
69
62
63
2e
63
70
75
2e
68
77
63
61
70
5f
6d
61
73
6b
00
00
00
00
00
00
00
00
00
00
00
00
00
00
00
00
00
00
00
00
00
00
00
00
00
00
00
00
01
00
00
00
00
00
00
00
00
00
00
00
00
00
00
00
ff
ff
ff
ff
ff
ff
ff
ff
06
00
00
00
00
00
00
00
00
00
00
00
00
00
00
00
4c
44
5f
48
57
43
41
50
5f
4d
41
53
4b
00
00
00
00
00
00
00
00
00
00
00
67
6c
69
62
63
2e
6d
61
6c
6c
6f
63
2e
6d
6d
61
70
5f
6d
61
78
00
00
00
00
00
00
00
00
00
00
00
00
00
00
00
00
00
00
00
00
00
00
00
00
00
00
00
00
00
00
00
00
00
00
00
00
00
00
00
00
00
00
00
ff
ff
ff
7f
00
00
00
00
00
00
00
00
00
00
00
00
00
00
00
00
01
00
00
00
4d
41
4c
4c
4f
43
5f
4d
4d
41
50
5f
4d
41
58
5f
00
00
00
00
00
00
00
00
67
6c
69
62
63
2e
65
6c
69
73
69
6f
6e
2e
73
6b
69
70
5f
74
72
79
6c
6f
63
6b
5f
69
6e
74
65
72
6e
61
6c
5f
61
62
6f
72
74
00
00
00
00
00
00
00
00
00
00
00
00
00
00
00
00
00
00
00
00
00
00
00
ff
ff
ff
7f
00
00
00
00
03
00
00
00
00
00
00
00
00
00
00
00
00
00
00
00
00
00
00
00
00
00
00
00
00
00
00
00
00
00
00
00
00
00
00
00
00
00
00
00
67
6c
69
62
63
2e
6d
61
6c
6c
6f
63
2e
74
63
61
63
68
65
5f
75
6e
73
6f
72
74
65
64
5f
6c
69
6d
69
74
00
00
00
00
00
00
00
00
00
00
00
00
00
00
02
00
00
00
00
00
00
00
00
00
00
00
00
00
00
00
ff
ff
ff
ff
ff
ff
ff
ff
00
00
00
00
00
00
00
00
00
00
00
00
00
00
00
00
00
00
00
00
00
00
00
00
00
00
00
00
00
00
00
00
00
00
00
00
00
00
00
00
67
6c
69
62
63
2e
63
70
75
2e
78
38
36
5f
69
62
74
00
00
00
00
00
00
00
00
00
00
00
00
00
00
00
00
00
00
00
00
00
00
00
00
00
00
00
00
00
00
00
03
00
00
00
00
00
00
00
00
00
00
00
00
00
00
00
00
00
00
00
00
00
00
00
00
00
00
00
00
00
00
00
00
00
00
00
00
00
00
00
00
00
00
00
00
00
00
00
00
00
00
00
00
00
00
00
00
00
00
00
00
00
00
00
67
6c
69
62
63
2e
63
70
75
2e
68
77
63
61
70
73
00
00
00
00
00
00
00
00
00
00
00
00
00
00
00
00
00
00
00
00
00
00
00
00
00
00
00
00
00
00
00
00
03
00
00
00
00
00
00
00
00
00
00
00
00
00
00
00
00
00
00
00
00
00
00
00
00
00
00
00
00
00
00
00
00
00
00
00
00
00
00
00
00
00
00
00
00
00
00
00
00
00
00
00
00
00
00
00
00
00
00
00
00
00
00
00
67
6c
69
62
63
2e
65
6c
69
73
69
6f
6e
2e
73
6b
69
70
5f
6c
6f
63
6b
5f
69
6e
74
65
72
6e
61
6c
5f
61
62
6f
72
74
00
00
00
00
00
00
00
00
00
00
00
00
00
00
00
00
00
00
00
00
00
00
00
00
00
00
ff
ff
ff
7f
00
00
00
00
03
00
00
00
00
00
00
00
00
00
00
00
00
00
00
00
00
00
00
00
00
00
00
00
00
00
00
00
00
00
00
00
00
00
00
00
00
00
00
00
67
6c
69
62
63
2e
6d
61
6c
6c
6f
63
2e
61
72
65
6e
61
5f
6d
61
78
00
00
00
00
00
00
00
00
00
00
00
00
00
00
00
00
00
00
00
00
00
00
00
00
00
00
02
00
00
00
00
00
00
00
01
00
00
00
00
00
00
00
ff
ff
ff
ff
ff
ff
ff
ff
00
00
00
00
00
00
00
00
00
00
00
00
01
00
00
00
4d
41
4c
4c
4f
43
5f
41
52
45
4e
41
5f
4d
41
58
00
00
00
00
00
00
00
00
67
6c
69
62
63
2e
6d
61
6c
6c
6f
63
2e
6d
6d
61
70
5f
74
68
72
65
73
68
6f
6c
64
00
00
00
00
00
00
00
00
00
00
00
00
00
00
00
00
00
00
00
00
00
02
00
00
00
00
00
00
00
00
00
00
00
00
00
00
00
ff
ff
ff
ff
ff
ff
ff
ff
00
00
00
00
00
00
00
00
00
00
00
00
01
00
00
00
4d
41
4c
4c
4f
43
5f
4d
4d
41
50
5f
54
48
52
45
53
48
4f
4c
44
5f
00
00
67
6c
69
62
63
2e
63
70
75
2e
78
38
36
5f
64
61
74
61
5f
63
61
63
68
65
5f
73
69
7a
65
00
00
00
00
00
00
00
00
00
00
00
00
00
00
00
00
00
00
00
02
00
00
00
00
00
00
00
00
00
00
00
00
00
00
00
ff
ff
ff
ff
ff
ff
ff
ff
00
80
00
00
00
00
00
00
01
00
00
00
00
00
00
00
00
00
00
00
00
00
00
00
00
00
00
00
00
00
00
00
00
00
00
00
00
00
00
00
67
6c
69
62
63
2e
6d
61
6c
6c
6f
63
2e
74
63
61
63
68
65
5f
63
6f
75
6e
74
00
00
00
00
00
00
00
00
00
00
00
00
00
00
00
00
00
00
00
00
00
00
00
02
00
00
00
00
00
00
00
00
00
00
00
00
00
00
00
ff
ff
ff
ff
ff
ff
ff
ff
00
00
00
00
00
00
00
00
00
00
00
00
00
00
00
00
00
00
00
00
00
00
00
00
00
00
00
00
00
00
00
00
00
00
00
00
00
00
00
00
67
6c
69
62
63
2e
6d
61
6c
6c
6f
63
2e
61
72
65
6e
61
5f
74
65
73
74
00
00
00
00
00
00
00
00
00
00
00
00
00
00
00
00
00
00
00
00
00
00
00
00
00
02
00
00
00
00
00
00
00
01
00
00
00
00
00
00
00
ff
ff
ff
ff
ff
ff
ff
ff
00
00
00
00
00
00
00
00
00
00
00
00
01
00
00
00
4d
41
4c
4c
4f
43
5f
41
52
45
4e
41
5f
54
45
53
54
00
00
00
00
00
00
00
67
6c
69
62
63
2e
70
74
68
72
65
61
64
2e
6d
75
74
65
78
5f
73
70
69
6e
5f
63
6f
75
6e
74
00
00
00
00
00
00
00
00
00
00
00
00
00
00
00
00
00
00
00
00
00
00
00
00
00
00
00
00
00
00
00
00
00
00
ff
7f
00
00
00
00
00
00
64
00
00
00
00
00
00
00
00
00
00
00
00
00
00
00
00
00
00
00
00
00
00
00
00
00
00
00
00
00
00
00
00
00
00
00
00
00
00
00
67
6c
69
62
63
2e
72
74
6c
64
2e
6f
70
74
69
6f
6e
61
6c
5f
73
74
61
74
69
63
5f
74
6c
73
00
00
00
00
00
00
00
00
00
00
00
00
00
00
00
00
00
00
02
00
00
00
00
00
00
00
00
00
00
00
00
00
00
00
ff
ff
ff
ff
ff
ff
ff
ff
00
02
00
00
00
00
00
00
00
00
00
00
00
00
00
00
00
00
00
00
00
00
00
00
00
00
00
00
00
00
00
00
00
00
00
00
00
00
00
00
67
6c
69
62
63
2e
6d
61
6c
6c
6f
63
2e
74
63
61
63
68
65
5f
6d
61
78
00
00
00
00
00
00
00
00
00
00
00
00
00
00
00
00
00
00
00
00
00
00
00
00
00
02
00
00
00
00
00
00
00
00
00
00
00
00
00
00
00
ff
ff
ff
ff
ff
ff
ff
ff
00
00
00
00
00
00
00
00
00
00
00
00
00
00
00
00
00
00
00
00
00
00
00
00
00
00
00
00
00
00
00
00
00
00
00
00
00
00
00
00
67
6c
69
62
63
2e
6d
61
6c
6c
6f
63
2e
63
68
65
63
6b
00
00
00
00
00
00
00
00
00
00
00
00
00
00
00
00
00
00
00
00
00
00
00
00
00
00
00
00
00
00
00
00
00
00
00
00
00
00
00
00
00
00
00
00
00
00
03
00
00
00
00
00
00
00
00
00
00
00
00
00
00
00
00
00
00
00
00
00
00
00
4d
41
4c
4c
4f
43
5f
43
48
45
43
4b
5f
00
00
00
00
00
00
00
00
00
00
00
00
00
00
00
00
00
00
00
40
37
c0
1b
3c
7f
00
00
a0
30
c0
1b
3c
7f
00
00
e0
33
c0
1b
3c
7f
00
00
20
45
c0
1b
3c
7f
00
00
70
7a
bf
1b
3c
7f
00
00
f0
5e
bf
1b
3c
7f
00
00
00
00
00
00
00
00
00
00
c0
a9
b5
91
fe
7f
00
00
00
00
00
00
00
00
00
00
8b
34
ad
1f
b0
1b
00
00
63
20
28
00
00
00
00
00
8d
52
bc
e6
86
21
56
b9
00
00
00
00
00
00
00
00
c8
a9
b5
91
fe
7f
00
00
01
00
00
00
00
00
00
00
00
00
00
00
00
00
00
00
00
00
00
00
00
00
00
00
00
00
00
00
83
0f
05
00
dd
32
6d
20
3c
7f
00
00
07
00
00
00
00
00
00
00
00
10
00
00
00
00
00
00
f0
07
00
00
00
00
00
00
00
00
00
00
00
00
00
00
10
b9
9c
1b
3c
7f
00
00
11
00
00
00
00
00
00
00
64
00
00
00
00
00
00
00
02
00
00
00
01
00
00
00
00
00
00
00
00
00
00
00
7f
03
00
00
03
03
00
00
02
00
00
00
00
00
00
00
48
ac
b5
91
fe
7f
00
00
01
00
00
00
16
00
00
00
06
00
00
00
5e
00
00
00
03
00
00
00
e3
06
05
00
00
08
10
06
bf
fb
fa
7f
ff
fb
eb
bf
00
00
00
00
00
00
00
00
03
32
d8
7e
10
81
88
17
00
00
00
00
ab
67
9c
02
00
00
00
00
00
2e
00
bc
00
00
00
00
28
03
8c
00
00
00
00
00
00
08
00
00
00
00
00
00
00
00
00
00
21
01
00
00
00
08
10
2c
00
00
00
00
00
00
00
00
21
01
00
00
00
00
00
08
0f
00
00
00
c0
03
00
00
00
01
00
00
00
00
00
00
07
00
00
00
00
00
00
00
00
00
00
00
00
00
00
00
00
00
00
00
00
00
00
00
00
00
00
00
00
01
00
00
00
00
00
00
00
00
00
00
00
00
00
00
00
00
00
00
27
30
00
00
00
00
00
00
00
00
00
00
00
00
00
00
00
00
00
00
00
00
00
00
00
00
00
00
00
00
00
00
00
00
00
00
00
00
00
00
00
00
00
00
00
00
00
00
00
00
00
00
00
00
00
00
00
00
00
00
00
00
00
00
00
00
00
00
00
00
00
00
00
00
00
00
00
00
00
00
00
00
00
00
00
00
00
00
00
00
00
00
00
00
00
00
01
00
00
00
0f
00
00
00
07
00
00
00
00
00
00
00
00
00
00
00
00
00
00
00
00
00
00
00
00
00
00
00
f9
12
00
00
07
00
00
00
00
00
00
00
c0
03
00
00
00
00
00
00
80
04
00
00
00
00
00
00
00
80
00
00
00
00
00
00
00
00
10
00
00
00
00
00
00
00
0c
00
00
00
00
00
00
20
00
00
00
00
00
00
00
00
0c
00
00
00
00
00
00
08
00
00
00
00
00
00
00
80
00
00
00
00
00
00
40
00
00
00
00
00
00
00
00
80
00
00
00
00
00
00
08
00
00
00
00
00
00
00
40
00
00
00
00
00
00
00
00
00
04
00
00
00
00
00
04
00
00
00
00
00
00
00
40
00
00
00
00
00
00
00
00
00
80
00
00
00
00
00
10
00
00
00
00
00
00
00
40
00
00
00
00
00
00
00
00
00
00
00
00
00
00
00
73
73
65
32
00
00
00
00
00
78
38
36
5f
36
34
00
00
00
61
76
78
35
31
32
5f
31
00
69
35
38
36
00
00
00
00
00
69
36
38
36
00
00
00
00
00
68
61
73
77
65
6c
6c
00
00
78
65
6f
6e
5f
70
68
69
00
00
00
00
00
00
00
00
00
00
00
00
00
00
00
00
00
00
00
00
00
00
00
00
00
00
80
1b
00
00
00
00
00
00
40
00
00
00
00
00
00
00
80
06
00
00
00
00
00
00
00
00
00
00
00
00
00
00
a0
1f
6d
20
3c
7f
00
00
00
00
00
00
00
00
00
00
00
00
00
00
00
00
00
00
10
33
6a
20
3c
7f
00
00
00
c0
bd
91
fe
7f
00
00
90
08
6e
20
3c
7f
00
00
10
cc
bd
91
fe
7f
00
00
d0
cb
bd
91
fe
7f
00
00
e0
cb
bd
91
fe
7f
00
00
90
cc
bd
91
fe
7f
00
00
20
cc
bd
91
fe
7f
00
00
02
00
00
00
00
00
00
00
01
00
00
00
00
00
00
00
c0
4b
6b
20
3c
7f
00
00
b0
57
6b
20
3c
7f
00
00
d0
10
6b
20
3c
7f
00
00
a0
32
6b
20
3c
7f
00
00
30
82
6a
20
3c
7f
00
00
70
24
6c
20
3c
7f
00
00
70
9a
6a
20
3c
7f
00
00
80
9d
6b
20
3c
7f
00
00
d0
32
6c
20
3c
7f
00
00
20
a4
6a
20
3c
7f
00
00
40
4a
6c
20
3c
7f
00
00
00
00
00
00
00
00
00
00
00
00
00
00
00
00
00
00
00
00
00
00
00
00
00
00
0e
00
00
00
00
00
00
00
68
02
00
00
00
00
00
00
04
00
00
00
00
00
00
00
f0
52
6a
20
3c
7f
00
00
f5
fe
ff
6f
00
00
00
00
30
54
6a
20
3c
7f
00
00
05
00
00
00
00
00
00
00
50
59
6a
20
3c
7f
00
00
06
00
00
00
00
00
00
00
90
55
6a
20
3c
7f
00
00
0a
00
00
00
00
00
00
00
c1
02
00
00
00
00
00
00
0b
00
00
00
00
00
00
00
18
00
00
00
00
00
00
00
03
00
00
00
00
00
00
00
00
f0
6d
20
3c
7f
00
00
02
00
00
00
00
00
00
00
60
00
00
00
00
00
00
00
14
00
00
00
00
00
00
00
07
00
00
00
00
00
00
00
17
00
00
00
00
00
00
00
f0
6a
6a
20
3c
7f
00
00
07
00
00
00
00
00
00
00
58
5d
6a
20
3c
7f
00
00
08
00
00
00
00
00
00
00
98
0d
00
00
00
00
00
00
09
00
00
00
00
00
00
00
18
00
00
00
00
00
00
00
fc
ff
ff
6f
00
00
00
00
68
0c
00
00
00
00
00
00
fd
ff
ff
6f
00
00
00
00
07
00
00
00
00
00
00
00
f0
ff
ff
6f
00
00
00
00
12
5c
6a
20
3c
7f
00
00
f9
ff
ff
6f
00
00
00
00
8e
00
00
00
00
00
00
00
00
00
00
00
00
00
00
00
00
00
00
00
00
00
00
00
00
00
00
00
00
00
00
00
00
00
00
00
00
00
00
00
00
00
00
00
00
00
00
00
00
00
00
00
00
00
00
00
00
00
00
00
00
00
00
00
00
00
00
00
00
00
00
00
00
00
00
00
00
00
00
00
00
00
00
00
00
00
00
00
e8
da
6d
20
3c
7f
00
00
f0
da
6d
20
3c
7f
00
00
