00
45
0e
10
86
02
43
0d
06
66
0c
07
08
00
00
00
1c
00
00
00
7c
22
00
00
dc
cd
ff
ff
23
00
00
00
00
45
0e
10
86
02
43
0d
06
5a
0c
07
08
00
00
00
1c
00
00
00
9c
22
00
00
df
cd
ff
ff
1e
00
00
00
00
45
0e
10
86
02
43
0d
06
55
0c
07
08
00
00
00
1c
00
00
00
bc
22
00
00
dd
cd
ff
ff
32
00
00
00
00
45
0e
10
86
02
43
0d
06
69
0c
07
08
00
00
00
1c
00
00
00
dc
22
00
00
ef
cd
ff
ff
1e
00
00
00
00
45
0e
10
86
02
43
0d
06
55
0c
07
08
00
00
00
1c
00
00
00
fc
22
00
00
ee
cd
ff
ff
0f
00
00
00
00
45
0e
10
86
02
43
0d
06
46
0c
07
08
00
00
00
1c
00
00
00
1c
23
00
00
de
cd
ff
ff
0f
00
00
00
00
45
0e
10
86
02
43
0d
06
46
0c
07
08
00
00
00
1c
00
00
00
3c
23
00
00
ce
cd
ff
ff
35
00
00
00
00
45
0e
10
86
02
43
0d
06
6c
0c
07
08
00
00
00
1c
00
00
00
5c
23
00
00
e4
cd
ff
ff
12
00
00
00
00
45
0e
10
86
02
43
0d
06
49
0c
07
08
00
00
00
1c
00
00
00
7c
23
00
00
d6
cd
ff
ff
1e
00
00
00
00
45
0e
10
86
02
43
0d
06
55
0c
07
08
00
00
00
1c
00
00
00
9c
23
00
00
d4
cd
ff
ff
34
00
00
00
00
45
0e
10
86
02
43
0d
06
6b
0c
07
08
00
00
00
1c
00
00
00
bc
23
00
00
e8
cd
ff
ff
12
00
00
00
00
45
0e
10
86
02
43
0d
06
49
0c
07
08
00
00
00
1c
00
00
00
dc
23
00
00
da
cd
ff
ff
12
00
00
00
00
45
0e
10
86
02
43
0d
06
49
0c
07
08
00
00
00
1c
00
00
00
fc
23
00
00
0f
b2
ff
ff
56
00
00
00
00
45
0e
10
86
02
43
0d
06
02
4d
0c
07
08
00
00
1c
00
00
00
1c
24
00
00
45
b2
ff
ff
19
00
00
00
00
45
0e
10
86
02
43
0d
06
50
0c
07
08
00
00
00
00
00
00
00
ff
ff
01
66
48
ff
01
00
00
c7
03
35
97
1a
00
c3
04
17
00
00
d2
05
f5
03
ed
1c
00
b7
0a
eb
06
d8
1c
00
b5
12
05
ca
1a
00
c8
12
05
b5
1a
00
d6
13
05
86
1b
00
e9
13
05
f1
1a
00
f7
14
05
c2
1b
00
8a
15
05
ad
1b
00
ce
16
05
fb
1b
00
e1
16
05
e6
1b
00
ef
17
05
b4
1c
00
82
18
05
9f
1c
00
c4
18
17
d8
1c
00
e7
19
a4
03
00
00
ff
ff
01
0e
33
1a
00
00
5b
2e
8b
01
00
a4
01
05
00
00
ff
9b
25
01
1a
5c
63
00
00
c6
01
05
86
02
01
ef
01
05
00
00
99
02
0a
a3
02
00
b5
02
05
00
00
01
00
00
00
00
00
00
00
00
ff
ff
01
00
ff
ff
01
0d
28
05
6b
00
3d
05
52
00
90
01
05
00
00
00
00
00
ff
ff
01
52
4f
05
00
00
7e
05
fc
09
00
94
01
05
e7
09
00
fd
01
2e
fb
0b
00
b5
02
05
e3
0b
00
c1
02
05
f1
0a
00
d0
02
05
dc
0a
00
ee
02
05
b5
0a
00
b5
03
05
9d
0a
00
cb
04
2e
ce
0b
00
9c
05
02
b6
0b
00
e7
05
2e
a1
0b
00
dd
06
92
02
89
0b
00
98
0a
81
02
00
00
ff
ff
01
0e
35
05
00
00
5e
17
b7
01
00
d0
01
05
00
00
ff
ff
01
0e
33
1a
00
00
5b
2e
8b
01
00
a4
01
05
00
00
ff
ff
01
00
ff
ff
01
00
ff
ff
01
00
ff
ff
01
0d
3d
05
00
00
50
05
79
00
92
01
05
00
00
00
ff
9b
25
01
1a
5c
63
00
00
c6
01
05
86
02
01
ef
01
05
00
00
99
02
0a
a3
02
00
b5
02
05
00
00
01
00
00
00
00
00
00
00
00
ff
ff
01
00
ff
ff
01
00
ff
ff
01
00
ff
ff
01
0e
3f
05
00
00
68
05
8a
01
00
a3
01
05
00
00
00
00
00
00
00
00
00
00
00
00
00
00
00
00
00
00
00
00
00
00
00
00
00
00
00
00
00
00
00
00
00
00
00
00
00
00
00
00
00
00
00
00
00
00
00
00
00
00
00
00
00
00
00
00
00
00
00
00
00
00
00
00
00
00
00
00
00
00
00
00
00
00
00
00
00
00
00
00
00
00
00
00
00
00
00
00
00
00
00
00
00
00
00
00
00
00
00
00
00
00
00
00
00
00
00
00
00
00
00
00
00
00
00
00
00
00
00
00
00
00
00
00
00
00
00
00
00
00
00
00
00
00
00
00
00
00
00
00
00
00
00
00
00
00
00
00
00
00
00
00
00
00
00
00
00
00
00
00
00
00
00
00
00
00
00
00
00
00
00
00
00
00
00
00
00
00
00
00
00
00
00
00
00
00
00
00
00
00
00
00
00
00
00
00
00
00
00
00
00
00
00
00
00
00
00
00
00
00
00
00
00
00
00
00
00
00
00
00
00
00
00
00
00
00
00
00
00
00
00
00
00
00
00
00
00
00
00
00
00
00
00
00
00
00
00
00
00
00
00
00
00
00
00
00
00
00
00
00
00
00
00
00
00
00
00
00
00
00
00
00
00
00
00
00
00
00
00
00
00
00
00
00
00
00
00
00
00
00
00
00
00
00
00
00
00
00
00
00
00
00
00
00
00
00
00
00
00
00
00
00
00
00
00
00
00
00
00
00
00
00
00
00
00
00
00
00
00
00
00
00
00
00
00
00
00
00
00
00
00
00
00
00
00
00
00
00
00
00
00
00
00
00
00
00
00
00
00
00
00
00
00
00
00
00
00
00
00
00
00
00
00
00
00
00
00
00
00
00
00
00
00
00
00
00
00
00
00
00
00
00
00
00
00
00
00
00
00
00
00
00
00
00
00
00
00
00
00
00
00
00
00
00
00
00
00
00
00
00
00
00
00
00
00
00
00
00
00
00
00
00
00
00
00
00
00
00
00
00
00
00
00
00
00
00
00
00
00
00
00
00
00
00
00
00
00
00
00
00
00
00
00
00
00
00
00
00
00
00
00
00
00
00
00
00
00
00
00
00
00
00
00
00
00
00
00
00
00
00
00
00
00
00
00
00
00
00
00
00
00
00
00
00
00
00
00
00
00
00
00
00
00
00
00
00
00
00
00
00
00
00
00
00
00
00
00
00
00
00
00
00
00
00
00
00
00
00
00
00
00
00
00
00
00
00
00
00
00
00
00
00
00
00
00
00
00
00
00
00
00
00
00
00
00
00
00
00
00
00
00
00
00
00
00
00
00
00
00
00
00
00
00
00
00
00
00
00
00
00
00
00
00
00
00
00
00
00
00
00
00
00
00
00
00
00
00
00
00
00
00
00
00
00
00
00
00
00
00
00
00
00
00
00
00
00
00
00
00
00
00
00
00
00
00
00
00
00
00
00
00
00
00
00
00
00
00
00
00
00
00
00
00
00
00
00
00
00
00
00
00
00
00
00
00
00
00
00
00
00
00
00
00
00
00
00
00
00
00
00
00
00
00
00
00
00
00
00
00
00
00
00
00
00
00
00
00
00
00
00
00
00
00
00
00
00
00
00
00
00
00
00
00
00
00
00
00
00
00
00
00
00
00
00
00
00
00
00
00
00
00
00
00
00
00
00
00
00
00
00
00
00
00
00
00
00
00
00
00
00
00
00
00
00
00
00
00
00
00
00
00
00
00
00
00
00
00
00
00
00
00
00
00
00
00
00
00
00
00
00
00
00
00
00
00
00
00
00
00
00
00
00
00
00
00
00
00
00
00
00
00
00
00
00
00
00
00
00
00
00
00
00
00
00
00
00
00
00
00
00
00
00
00
00
00
00
00
00
00
00
00
00
00
00
00
00
00
00
00
00
00
00
00
00
00
00
00
00
00
00
00
00
00
00
00
00
00
00
00
00
00
00
00
00
00
00
00
00
00
00
00
00
00
00
00
00
00
00
00
00
00
00
00
00
00
00
00
00
00
00
00
00
00
00
00
00
00
00
00
00
00
00
00
00
00
00
00
00
00
00
00
00
00
00
00
00
00
00
00
00
00
00
00
00
00
00
00
00
00
00
00
00
00
00
00
00
00
00
00
00
00
00
00
00
00
00
00
00
00
00
00
00
00
00
00
00
00
00
00
00
00
00
00
00
00
00
00
00
00
00
00
00
00
00
00
00
00
00
00
00
00
00
00
00
00
00
00
00
00
00
00
00
00
00
00
00
00
00
00
00
00
00
00
00
00
00
00
00
00
00
00
00
00
00
00
00
00
00
00
00
00
00
00
00
00
00
00
00
00
00
00
00
00
00
00
00
00
00
00
00
00
00
00
00
00
00
00
00
00
00
00
00
00
00
00
00
00
00
00
00
00
00
00
00
00
00
00
00
00
00
00
00
00
00
00
00
00
00
00
00
00
00
00
00
00
00
00
00
00
00
00
00
00
00
00
00
00
00
00
00
00
00
00
00
00
00
00
00
00
00
00
00
00
00
00
00
00
00
00
00
00
00
00
00
00
00
00
00
00
00
00
00
00
00
00
00
00
00
00
00
00
00
00
00
00
00
00
00
00
00
00
00
00
00
00
00
00
00
00
00
00
00
00
00
00
00
00
00
00
00
00
00
00
00
00
00
00
00
00
00
00
00
00
00
00
00
00
00
00
00
00
00
00
00
00
00
00
00
00
00
00
00
00
00
00
00
00
00
00
00
00
00
00
00
00
00
00
00
00
00
00
00
00
00
00
00
00
00
00
00
00
00
00
00
00
00
00
00
00
00
00
00
00
00
00
00
00
00
00
00
00
00
00
00
00
00
00
00
00
00
00
00
00
00
00
00
00
00
00
00
00
00
00
00
00
00
00
00
00
00
00
00
00
00
00
00
00
00
00
00
00
00
00
00
00
00
00
00
00
00
00
00
00
00
00
00
00
00
00
00
00
00
00
00
00
00
00
00
00
00
00
00
00
00
00
00
00
00
00
00
00
00
00
00
00
00
00
00
00
00
00
00
00
00
00
00
00
00
00
00
00
00
00
00
00
00
00
00
00
00
00
00
00
00
00
00
00
00
00
00
00
00
00
00
00
00
00
00
00
00
00
00
00
00
00
00
00
00
00
00
00
00
00
00
00
00
00
00
00
00
00
00
00
00
00
00
00
00
00
00
00
00
00
00
00
00
00
00
00
00
00
00
00
00
00
00
00
00
00
00
00
00
00
00
00
00
00
00
00
00
00
00
00
00
00
00
00
00
00
00
00
00
00
00
00
00
00
00
00
00
00
00
00
00
00
00
00
00
00
00
00
00
00
00
00
00
00
00
00
00
00
00
00
00
00
00
00
00
00
00
00
00
00
00
00
00
00
00
00
00
00
00
00
00
00
00
00
00
00
00
00
00
00
00
00
00
00
00
00
00
00
00
00
00
00
00
00
00
00
00
00
00
00
00
00
00
00
00
00
00
00
00
00
00
00
00
00
00
00
00
00
00
00
00
00
00
00
00
00
00
00
00
00
00
00
00
00
00
00
00
00
00
00
00
00
00
00
00
00
00
00
00
00
00
00
00
00
00
00
00
00
00
00
00
00
00
00
00
00
00
00
00
00
00
00
00
00
00
00
00
00
00
00
00
00
00
00
00
00
00
00
00
00
00
00
00
00
00
00
00
00
00
00
00
00
00
00
00
00
00
00
00
00
00
00
00
00
00
00
00
00
00
00
00
00
00
00
00
00
00
00
00
00
00
00
00
00
00
00
00
00
00
00
00
00
00
00
00
00
00
00
00
00
00
00
00
00
00
00
00
00
00
00
00
00
00
00
00
00
00
00
00
00
00
00
00
00
00
00
00
00
00
00
00
00
00
00
00
00
00
00
00
00
00
00
00
00
00
00
00
00
00
00
00
00
00
00
00
00
00
00
00
00
00
00
00
00
00
00
00
00
00
00
00
00
00
00
00
00
00
00
00
00
00
00
00
00
00
00
00
00
00
00
00
00
00
00
00
00
00
00
00
00
00
00
00
00
00
00
00
00
00
00
00
00
00
00
00
00
00
00
00
00
00
00
00
00
00
00
00
00
00
00
00
00
00
00
00
00
00
00
00
00
00
00
00
00
00
00
00
00
00
00
00
00
00
00
00
00
00
00
00
00
00
00
00
00
00
00
00
00
00
00
00
00
00
00
00
00
00
00
00
00
00
00
00
00
00
00
00
00
00
00
00
00
00
00
00
00
00
00
00
00
00
00
00
00
00
00
00
00
00
00
00
00
00
00
00
00
00
00
00
00
00
00
00
00
00
00
00
00
00
00
00
00
00
00
00
00
00
00
00
00
00
00
00
00
00
00
00
00
00
00
00
00
00
00
00
00
00
00
00
00
00
00
00
00
00
00
00
00
00
00
00
00
00
00
00
00
00
00
00
00
00
00
00
00
00
00
00
00
00
00
00
00
00
00
00
00
00
00
00
00
00
00
00
00
00
00
00
00
00
00
00
00
00
00
00
00
00
00
00
00
00
00
00
00
00
00
00
00
00
00
00
00
00
00
00
00
00
00
00
00
00
00
00
00
00
00
00
00
00
00
00
00
00
00
00
00
00
00
00
00
00
00
00
00
00
00
00
00
00
00
00
00
00
00
00
00
00
00
00
00
00
00
00
00
00
00
00
00
00
00
00
00
00
00
00
00
00
00
00
00
00
00
00
00
00
00
00
00
00
00
00
00
00
00
00
00
00
00
00
00
00
00
00
00
00
00
00
00
00
00
00
00
00
00
00
00
00
00
00
00
00
00
00
00
00
00
00
00
00
00
00
00
00
00
00
00
00
00
00
00
00
00
00
00
00
40
87
b4
72
c3
55
00
00
6f
8c
b4
72
c3
55
00
00
6e
a9
b4
72
c3
55
00
00
fd
c3
b4
72
c3
55
00
00
00
87
b4
72
c3
55
00
00
01
00
00
00
00
00
00
00
07
42
00
00
00
00
00
00
01
00
00
00
00
00
00
00
18
42
00
00
00
00
00
00
01
00
00
00
00
00
00
00
27
42
00
00
00
00
00
00
01
00
00
00
00
00
00
00
35
42
00
00
00
00
00
00
1d
00
00
00
00
00
00
00
a6
42
00
00
00
00
00
00
0c
00
00
00
00
00
00
00
00
70
00
00
00
00
00
00
0d
00
00
00
00
00
00
00
64
cf
00
00
00
00
00
00
19
00
00
00
00
00
00
00
d0
1b
01
00
00
00
00
00
1b
00
00
00
00
00
00
00
20
00
00
00
00
00
00
00
1a
00
00
00
00
00
00
00
f0
1b
01
00
00
00
00
00
1c
00
00
00
00
00
00
00
08
00
00
00
00
00
00
00
f5
fe
ff
6f
00
00
00
00
b0
13
b4
72
c3
55
00
00
05
00
00
00
00
00
00
00
40
2e
b4
72
c3
55
00
00
06
00
00
00
00
00
00
00
f8
18
b4
72
c3
55
00
00
0a
00
00
00
00
00
00
00
28
43
00
00
00
00
00
00
0b
00
00
00
00
00
00
00
18
00
00
00
00
00
00
00
15
00
00
00
00
00
00
00
18
01
6e
20
3c
7f
00
00
03
00
00
00
00
00
00
00
28
2e
b5
72
c3
55
00
00
02
00
00
00
00
00
00
00
98
04
00
00
00
00
00
00
14
00
00
00
00
00
00
00
07
00
00
00
00
00
00
00
17
00
00
00
00
00
00
00
88
75
b4
72
c3
55
00
00
07
00
00
00
00
00
00
00
f0
73
b4
72
c3
55
00
00
08
00
00
00
00
00
00
00
98
01
00
00
00
00
00
00
09
00
00
00
00
00
00
00
18
00
00
00
00
00
00
00
1e
00
00
00
00
00
00
00
08
00
00
00
00
00
00
00
fb
ff
ff
6f
00
00
00
00
01
00
00
08
00
00
00
00
fe
ff
ff
6f
00
00
00
00
30
63
00
00
00
00
00
00
ff
ff
ff
6f
00
00
00
00
03
00
00
00
00
00
00
00
f0
ff
ff
6f
00
00
00
00
68
71
b4
72
c3
55
00
00
f9
ff
ff
6f
00
00
00
00
06
00
00
00
00
00
00
00
00
00
00
00
00
00
00
00
00
00
00
00
00
00
00
00
00
00
00
00
00
00
00
00
00
00
00
00
00
00
00
00
00
00
00
00
00
00
00
00
00
00
00
00
00
00
00
00
00
00
00
00
00
00
00
00
00
00
00
00
00
00
00
00
00
00
00
00
00
00
00
00
00
00
00
00
00
00
00
00
f8
1b
01
00
00
00
00
00
00
00
00
00
00
00
00
00
00
00
00
00
00
00
00
00
70
88
e7
1b
3c
7f
00
00
50
29
ee
1b
3c
7f
00
00
f0
2b
ef
1b
3c
7f
00
00
00
42
e5
1b
3c
7f
00
00
20
3c
e5
1b
3c
7f
00
00
40
61
ef
1b
3c
7f
00
00
b0
2b
ef
1b
3c
7f
00
00
32
86
17
1f
3c
7f
00
00
50
45
c9
1b
3c
7f
00
00
80
ef
cf
1b
3c
7f
00
00
d0
42
ee
1b
3c
7f
00
00
e0
b7
cf
1b
3c
7f
00
00
c0
2b
ef
1b
3c
7f
00
00
d4
77
15
1f
3c
7f
00
00
af
61
58
1f
3c
7f
00
00
40
3e
ee
1b
3c
7f
00
00
b0
e1
d9
1b
3c
7f
00
00
10
2c
ef
1b
3c
7f
00
00
80
38
ee
1b
3c
7f
00
00
c0
38
ba
1b
3c
7f
00
00
70
88
e7
1b
3c
7f
00
00
50
88
e7
1b
3c
7f
00
00
80
45
ee
1b
3c
7f
00
00
88
72
30
1f
3c
7f
00
00
e0
2b
ef
1b
3c
7f
00
00
a4
83
15
1f
3c
7f
00
00
30
5d
ef
1b
3c
7f
00
00
04
c3
e4
1b
3c
7f
00
00
70
59
e5
1b
3c
7f
00
00
10
2f
ef
1b
3c
7f
00
00
f0
47
ee
1b
3c
7f
00
00
90
2b
ef
1b
3c
7f
00
00
10
43
ee
1b
3c
7f
00
00
c0
64
ef
1b
3c
7f
00
00
b0
39
ee
1b
3c
7f
00
00
90
53
ee
1b
3c
7f
00
00
90
3e
ee
1b
3c
7f
00
00
fa
4b
33
1f
3c
7f
00
00
dd
c4
e4
1b
3c
7f
00
00
70
42
e5
1b
3c
7f
00
00
70
34
ef
1b
3c
7f
00
00
48
7a
ae
1d
3c
7f
00
00
e0
54
e5
1b
3c
7f
00
00
70
2c
ef
1b
3c
7f
00
00
60
04
ba
1b
3c
7f
00
00
a0
86
c4
1b
3c
7f
00
00
e0
60
e6
1b
3c
7f
00
00
20
29
ee
1b
3c
7f
00
00
f6
75
15
1f
3c
7f
00
00
00
00
00
00
00
00
00
00
e0
37
ee
1b
3c
7f
00
00
c0
7d
b8
1b
3c
7f
00
00
00
00
00
00
00
00
00
00
a0
39
ba
1b
3c
7f
00
00
00
00
00
00
00
00
00
00
40
68
e6
1b
3c
7f
00
00
