7f
45
4c
46
02
01
01
03
00
00
00
00
00
00
00
00
03
00
3e
00
01
00
00
00
00
00
00
00
00
00
00
00
40
00
00
00
00
00
00
00
08
a2
01
00
00
00
00
00
00
00
00
00
40
00
38
00
0b
00
40
00
1e
00
1d
00
01
00
00
00
04
00
00
00
00
00
00
00
00
00
00
00
00
00
00
00
00
00
00
00
00
00
00
00
00
00
00
00
38
1f
00
00
00
00
00
00
38
1f
00
00
00
00
00
00
00
10
00
00
00
00
00
00
01
00
00
00
05
00
00
00
00
20
00
00
00
00
00
00
00
20
00
00
00
00
00
00
00
20
00
00
00
00
00
00
21
0c
01
00
00
00
00
00
21
0c
01
00
00
00
00
00
00
10
00
00
00
00
00
00
01
00
00
00
04
00
00
00
00
30
01
00
00
00
00
00
00
30
01
00
00
00
00
00
00
30
01
00
00
00
00
00
74
5e
00
00
00
00
00
00
74
5e
00
00
00
00
00
00
00
10
00
00
00
00
00
00
01
00
00
00
06
00
00
00
90
9c
01
00
00
00
00
00
90
ac
01
00
00
00
00
00
90
ac
01
00
00
00
00
00
20
04
00
00
00
00
00
00
28
04
00
00
00
00
00
00
00
10
00
00
00
00
00
00
02
00
00
00
06
00
00
00
f0
9d
01
00
00
00
00
00
f0
ad
01
00
00
00
00
00
f0
ad
01
00
00
00
00
00
f0
01
00
00
00
00
00
00
f0
01
00
00
00
00
00
00
08
00
00
00
00
00
00
00
04
00
00
00
04
00
00
00
a8
02
00
00
00
00
00
00
a8
02
00
00
00
00
00
00
a8
02
00
00
00
00
00
00
20
00
00
00
00
00
00
00
20
00
00
00
00
00
00
00
08
00
00
00
00
00
00
00
04
00
00
00
04
00
00
00
c8
02
00
00
00
00
00
00
c8
02
00
00
00
00
00
00
c8
02
00
00
00
00
00
00
24
00
00
00
00
00
00
00
24
00
00
00
00
00
00
00
04
00
00
00
00
00
00
00
53
e5
74
64
04
00
00
00
a8
02
00
00
00
00
00
00
a8
02
00
00
00
00
00
00
a8
02
00
00
00
00
00
00
20
00
00
00
00
00
00
00
20
00
00
00
00
00
00
00
08
00
00
00
00
00
00
00
50
e5
74
64
04
00
00
00
88
72
01
00
00
00
00
00
88
72
01
00
00
00
00
00
88
72
01
00
00
00
00
00
d4
03
00
00
00
00
00
00
d4
03
00
00
00
00
00
00
04
00
00
00
00
00
00
00
51
e5
74
64
06
00
00
00
00
00
00
00
00
00
00
00
00
00
00
00
00
00
00
00
00
00
00
00
00
00
00
00
00
00
00
00
00
00
00
00
00
00
00
00
00
00
00
00
10
00
00
00
00
00
00
00
52
e5
74
64
04
00
00
00
90
9c
01
00
00
00
00
00
90
ac
01
00
00
00
00
00
90
ac
01
00
00
00
00
00
70
03
00
00
00
00
00
00
70
03
00
00
00
00
00
00
01
00
00
00
00
00
00
00
04
00
00
00
10
00
00
00
05
00
00
00
47
4e
55
00
02
00
00
c0
04
00
00
00
03
00
00
00
00
00
00
00
04
00
00
00
14
00
00
00
03
00
00
00
47
4e
55
00
30
84
0b
79
ac
32
9e
cb
f1
de
c0
bb
60
18
0e
ed
25
6d
31
9f
00
00
00
00
61
00
00
00
16
00
00
00
10
00
00
00
0a
00
00
00
00
22
40
62
0c
03
02
00
45
00
00
41
08
04
05
12
04
01
04
04
00
06
08
00
04
01
16
0a
00
11
02
00
00
41
00
94
84
84
08
08
00
6c
00
14
20
b0
84
80
00
b0
33
40
09
f0
64
80
02
42
86
00
00
00
04
10
00
01
20
14
00
02
02
00
08
00
23
0a
02
08
07
20
0c
00
04
e0
01
00
20
00
20
00
48
21
12
1d
98
91
00
2f
31
32
01
06
00
08
04
00
00
00
80
21
02
0a
80
02
00
08
20
47
00
01
51
24
00
00
02
82
00
00
00
00
00
00
16
00
00
00
19
00
00
00
1a
00
00
00
00
00
00
00
1c
00
00
00
1f
00
00
00
21
00
00
00
22
00
00
00
26
00
00
00
00
00
00
00
00
00
00
00
27
00
00
00
29
00
00
00
2a
00
00
00
00
00
00
00
00
00
00
00
2b
00
00
00
2d
00
00
00
31
00
00
00
32
00
00
00
00
00
00
00
34
00
00
00
00
00
00
00
00
00
00
00
00
00
00
00
35
00
00
00
00
00
00
00
00
00
00
00
00
00
00
00
00
00
00
00
36
00
00
00
00
00
00
00
00
00
00
00
00
00
00
00
00
00
00
00
00
00
00
00
37
00
00
00
39
00
00
00
00
00
00
00
00
00
00
00
3b
00
00
00
3c
00
00
00
3d
00
00
00
00
00
00
00
00
00
00
00
3e
00
00
00
00
00
00
00
41
00
00
00
42
00
00
00
44
00
00
00
45
00
00
00
46
00
00
00
49
00
00
00
4b
00
00
00
00
00
00
00
00
00
00
00
4d
00
00
00
00
00
00
00
00
00
00
00
4e
00
00
00
50
00
00
00
51
00
00
00
53
00
00
00
54
00
00
00
55
00
00
00
00
00
00
00
58
00
00
00
59
00
00
00
5a
00
00
00
5d
00
00
00
5e
00
00
00
00
00
00
00
5f
00
00
00
62
00
00
00
65
00
00
00
00
00
00
00
67
00
00
00
68
00
00
00
00
00
00
00
69
00
00
00
6a
00
00
00
6b
00
00
00
6c
00
00
00
00
00
00
00
6d
00
00
00
00
00
00
00
00
00
00
00
6e
00
00
00
00
00
00
00
6f
00
00
00
00
00
00
00
70
00
00
00
71
00
00
00
74
00
00
00
75
00
00
00
76
00
00
00
c6
a7
ca
4e
1e
7d
f8
71
6d
b1
ed
1c
5b
86
8d
d9
9a
08
8b
08
b7
d5
e1
f1
76
71
d2
2d
90
8d
67
20
4b
dd
f2
d2
e4
ae
13
2c
f7
62
03
01
09
69
76
20
f2
4e
0c
b1
8e
55
2d
02
cc
a7
ca
4e
0b
ef
50
cc
2f
7d
d2
22
ea
ae
13
2c
7b
c7
54
d2
51
f6
07
81
21
53
89
26
70
56
f2
cf
d3
25
b0
1f
ae
d5
02
01
e8
6c
79
20
28
c4
13
2c
23
cd
04
a6
29
c4
13
2c
22
a9
3e
0f
29
73
95
29
d7
c9
08
30
c3
48
02
01
15
6a
d8
f1
50
ca
89
a7
83
76
01
01
08
43
fc
00
f1
20
ad
21
2f
9d
71
f0
1d
ab
ef
2d
a1
7e
8b
0f
08
a6
6c
9e
22
78
81
44
dd
86
4e
31
09
57
1c
4e
4c
95
51
2d
ed
f2
2a
c4
61
0e
61
2a
67
b7
13
2c
7e
39
84
d7
be
45
37
ce
69
b7
13
2c
58
00
0f
4d
93
76
01
01
18
43
fc
00
51
66
91
a0
77
29
c4
6b
08
34
51
a0
9f
bd
f1
e6
9f
d6
63
04
62
08
64
86
ab
cc
13
2c
d9
44
06
b1
79
0b
fd
46
72
69
16
2c
aa
48
d8
bc
a5
a3
d5
d2
0f
ed
25
d6
6f
b5
c3
4a
fc
05
40
20
ac
81
59
30
1d
c6
53
20
1d
71
44
36
d7
a2
f7
22
ec
50
27
e3
a8
bb
13
2c
b9
6f
55
f7
d0
39
16
40
b2
81
59
30
a9
bb
13
2c
aa
bb
13
2c
f9
d2
00
01
73
a8
d3
2c
23
74
dd
42
e1
03
68
4f
95
b1
5d
e0
0d
2b
cd
43
7d
c8
66
88
83
0e
07
b1
89
a4
84
20
71
ae
63
45
5f
c0
6a
88
86
27
23
85
16
64
60
f8
8d
35
5d
52
47
e4
13
ec
ef
2b
9c
c9
c4
a7
ca
4e
c5
fe
0f
b1
00
00
00
00
00
00
00
00
00
00
00
00
00
00
00
00
00
00
00
00
00
00
00
00
00
00
00
00
5a
03
00
00
12
00
00
00
00
00
00
00
00
00
00
00
00
00
00
00
00
00
00
00
6d
00
00
00
12
00
00
00
00
00
00
00
00
00
00
00
00
00
00
00
00
00
00
00
69
03
00
00
12
00
00
00
00
00
00
00
00
00
00
00
00
00
00
00
00
00
00
00
10
00
00
00
20
00
00
00
00
00
00
00
00
00
00
00
00
00
00
00
00
00
00
00
55
04
00
00
12
00
00
00
00
00
00
00
00
00
00
00
00
00
00
00
00
00
00
00
79
00
00
00
12
00
00
00
00
00
00
00
00
00
00
00
00
00
00
00
00
00
00
00
55
00
00
00
12
00
00
00
00
00
00
00
00
00
00
00
00
00
00
00
00
00
00
00
80
00
00
00
12
00
00
00
00
00
00
00
00
00
00
00
00
00
00
00
00
00
00
00
e1
00
00
00
12
00
00
00
00
00
00
00
00
00
00
00
00
00
00
00
00
00
00
00
44
04
00
00
12
00
00
00
00
00
00
00
00
00
00
00
00
00
00
00
00
00
00
00
28
04
00
00
12
00
00
00
00
00
00
00
00
00
00
00
00
00
00
00
00
00
00
00
04
04
00
00
12
00
00
00
00
00
00
00
00
00
00
00
00
00
00
00
00
00
00
00
01
00
00
00
20
00
00
00
00
00
00
00
00
00
00
00
00
00
00
00
00
00
00
00
72
00
00
00
12
00
00
00
00
00
00
00
00
00
00
00
00
00
00
00
00
00
00
00
66
00
00
00
12
00
00
00
00
00
00
00
00
00
00
00
00
00
00
00
00
00
00
00
73
04
00
00
12
00
00
00
00
00
00
00
00
00
00
00
00
00
00
00
00
00
00
00
96
03
00
00
12
00
00
00
00
00
00
00
00
00
00
00
00
00
00
00
00
00
00
00
89
00
00
00
12
00
00
00
00
00
00
00
00
00
00
00
00
00
00
00
00
00
00
00
2c
00
00
00
20
00
00
00
00
00
00
00
00
00
00
00
00
00
00
00
00
00
00
00
7a
03
00
00
12
00
00
00
00
00
00
00
00
00
00
00
00
00
00
00
00
00
00
00
46
00
00
00
22
00
00
00
00
00
00
00
00
00
00
00
00
00
00
00
00
00
00
00
e3
04
00
00
11
00
f1
ff
00
00
00
00
00
00
00
00
00
00
00
00
00
00
00
00
64
02
00
00
12
00
0f
00
90
f3
00
00
00
00
00
00
96
00
00
00
00
00
00
00
34
02
00
00
12
00
0f
00
30
cd
00
00
00
00
00
00
f0
00
00
00
00
00
00
00
d3
00
00
00
1a
00
0f
00
e0
75
00
00
00
00
00
00
0c
00
00
00
00
00
00
00
94
01
00
00
12
00
0f
00
f0
97
00
00
00
00
00
00
73
15
00
00
00
00
00
00
7b
01
00
00
12
00
0f
00
e0
95
00
00
00
00
00
00
a2
00
00
00
00
00
00
00
6e
01
00
00
12
00
0f
00
20
94
00
00
00
00
00
00
b3
01
00
00
00
00
00
00
e7
03
00
00
12
00
0f
00
80
11
01
00
00
00
00
00
53
00
00
00
00
00
00
00
19
02
00
00
12
00
0f
00
f0
cb
00
00
00
00
00
00
52
00
00
00
00
00
00
00
c9
04
00
00
11
00
f1
ff
00
00
00
00
00
00
00
00
00
00
00
00
00
00
00
00
c6
03
00
00
12
00
0f
00
e0
10
01
00
00
00
00
00
09
00
00
00
00
00
00
00
8c
04
00
00
12
00
0f
00
20
28
01
00
00
00
00
00
ed
00
00
00
00
00
00
00
f4
02
00
00
12
00
0f
00
90
fe
00
00
00
00
00
00
87
00
00
00
00
00
00
00
b6
02
00
00
12
00
0f
00
70
fa
00
00
00
00
00
00
5e
00
00
00
00
00
00
00
56
05
00
00
11
00
f1
ff
00
00
00
00
00
00
00
00
00
00
00
00
00
00
00
00
91
00
00
00
12
00
0f
00
10
6d
00
00
00
00
00
00
ce
06
00
00
00
00
00
00
4e
01
00
00
12
00
0f
00
00
93
00
00
00
00
00
00
8a
00
00
00
00
00
00
00
d6
04
00
00
11
00
f1
ff
00
00
00
00
00
00
00
00
00
00
00
00
00
00
00
00
42
02
00
00
12
00
0f
00
20
ce
00
00
00
00
00
00
13
00
00
00
00
00
00
00
f9
01
00
00
12
00
0f
00
c0
ca
00
00
00
00
00
00
3e
00
00
00
00
00
00
00
9b
03
00
00
12
00
0f
00
e0
0d
01
00
00
00
00
00
46
00
00
00
00
00
00
00
1b
01
00
00
12
00
0f
00
10
8f
00
00
00
00
00
00
ea
00
00
00
00
00
00
00
9b
00
00
00
12
00
0f
00
e0
73
00
00
00
00
00
00
0b
00
00
00
00
00
00
00
b6
03
00
00
12
00
0f
00
90
10
01
00
00
00
00
00
09
00
00
00
00
00
00
00
01
04
00
00
12
00
0f
00
10
13
01
00
00
00
00
00
16
01
00
00
00
00
00
00
2f
05
00
00
11
00
f1
ff
00
00
00
00
00
00
00
00
00
00
00
00
00
00
00
00
30
01
00
00
12
00
0f
00
00
90
00
00
00
00
00
00
06
02
00
00
00
00
00
00
3c
05
00
00
11
00
f1
ff
00
00
00
00
00
00
00
00
00
00
00
00
00
00
00
00
db
00
00
00
12
00
0f
00
f0
75
00
00
00
00
00
00
0b
00
00
00
00
00
00
00
2e
03
00
00
12
00
0f
00
b0
ff
00
00
00
00
00
00
19
00
00
00
00
00
00
00
52
04
00
00
12
00
0f
00
60
22
01
00
00
00
00
00
13
01
00
00
00
00
00
00
fa
03
00
00
12
00
0f
00
60
12
01
00
00
00
00
00
ac
00
00
00
00
00
00
00
d0
01
00
00
12
00
0f
00
60
b4
00
00
00
00
00
00
6c
02
00
00
00
00
00
00
99
02
00
00
12
00
0f
00
00
f7
00
00
00
00
00
00
6a
00
00
00
00
00
00
00
62
04
00
00
12
00
0f
00
e0
23
01
00
00
00
00
00
7f
01
00
00
00
00
00
00
09
04
00
00
12
00
0f
00
30
14
01
00
00
00
00
00
c3
00
00
00
00
00
00
00
4a
04
00
00
12
00
0f
00
f0
21
01
00
00
00
00
00
63
00
00
00
00
00
00
00
69
04
00
00
12
00
0f
00
60
25
01
00
00
00
00
00
fb
01
00
00
00
00
00
00
41
01
00
00
12
00
0f
00
10
92
00
00
00
00
00
00
e5
00
00
00
00
00
00
00
e1
03
00
00
12
00
0f
00
60
11
01
00
00
00
00
00
1c
00
00
00
00
00
00
00
5c
02
00
00
12
00
0f
00
e0
ce
00
00
00
00
00
00
aa
24
00
00
00
00
00
00
8a
03
00
00
12
00
0f
00
40
0d
01
00
00
00
00
00
11
00
00
00
00
00
00
00
26
02
00
00
12
00
0f
00
50
cc
00
00
00
00
00
00
d6
00
00
00
00
00
00
00
f6
00
00
00
12
00
0f
00
70
8c
00
00
00
00
00
00
09
00
00
00
00
00
00
00
c3
01
00
00
12
00
0f
00
30
b4
00
00
00
00
00
00
27
00
00
00
00
00
00
00
1d
03
00
00
12
00
0f
00
a0
ff
00
00
00
00
00
00
0a
00
00
00
00
00
00
00
2f
04
00
00
12
00
0f
00
c0
17
01
00
00
00
00
00
53
00
00
00
00
00
00
00
ee
04
00
00
11
00
f1
ff
00
00
00
00
00
00
00
00
00
00
00
00
00
00
00
00
b5
01
00
00
12
00
0f
00
10
b1
00
00
00
00
00
00
18
03
00
00
00
00
00
00
5f
01
00
00
12
00
0f
00
90
93
00
00
00
00
00
00
8b
00
00
00
00
00
00
00
fb
04
00
00
11
00
f1
ff
00
00
00
00
00
00
00
00
00
00
00
00
00
00
00
00
ad
03
00
00
12
00
0f
00
f0
0e
01
00
00
00
00
00
92
01
00
00
00
00
00
00
5b
04
00
00
12
00
0f
00
80
23
01
00
00
00
00
00
5c
00
00
00
00
00
00
00
21
04
00
00
12
00
0f
00
50
16
01
00
00
00
00
00
68
01
00
00
00
00
00
00
08
02
00
00
12
00
0f
00
00
cb
00
00
00
00
00
00
ea
00
00
00
00
00
00
00
cd
03
00
00
12
00
0f
00
f0
10
01
00
00
00
00
00
5e
00
00
00
00
00
00
00
35
03
00
00
12
00
0f
00
20
01
01
00
00
00
00
00
22
00
00
00
00
00
00
00
9c
01
00
00
12
00
0f
00
70
ad
00
00
00
00
00
00
89
02
00
00
00
00
00
00
6f
02
00
00
12
00
0f
00
30
f4
00
00
00
00
00
00
ac
00
00
00
00
00
00
00
c5
00
00
00
12
00
0f
00
d0
75
00
00
00
00
00
00
0c
00
00
00
00
00
00
00
49
05
00
00
11
00
f1
ff
00
00
00
00
00
00
00
00
00
00
00
00
00
00
00
00
ed
01
00
00
12
00
0f
00
d0
b7
00
00
00
00
00
00
ea
12
00
00
00
00
00
00
83
04
00
00
12
00
0f
00
60
27
01
00
00
00
00
00
b5
00
00
00
00
00
00
00
e4
02
00
00
12
00
0f
00
10
fe
00
00
00
00
00
00
75
00
00
00
00
00
00
00
84
02
00
00
12
00
0f
00
e0
f4
00
00
00
00
00
00
14
02
00
00
00
00
00
00
4f
02
00
00
12
00
0f
00
40
ce
00
00
00
00
00
00
92
00
00
00
00
00
00
00
a3
00
00
00
12
00
0f
00
f0
73
00
00
00
00
00
00
e7
00
00
00
00
00
00
00
a4
03
00
00
12
00
0f
00
30
0e
01
00
00
00
00
00
bb
00
00
00
00
00
00
00
42
04
00
00
12
00
0f
00
10
1c
01
00
00
00
00
00
2b
00
00
00
00
00
00
00
38
04
00
00
12
00
0f
00
20
18
01
00
00
00
00
00
d0
00
00
00
00
00
00
00
93
03
00
00
12
00
0f
00
60
0d
01
00
00
00
00
00
7c
00
00
00
00
00
00
00
11
03
00
00
12
00
0f
00
90
ff
00
00
00
00
00
00
0c
00
00
00
00
00
00
00
ef
03
00
00
12
00
0f
00
e0
11
01
00
00
00
00
00
71
00
00
00
00
00
00
00
dc
01
00
00
12
00
0f
00
d0
b6
00
00
00
00
00
00
fe
00
00
00
00
00
00
00
08
05
00
00
11
00
f1
ff
00
00
00
00
00
00
00
00
00
00
00
00
00
00
00
00
b3
00
00
00
12
00
0f
00
e0
74
00
00
00
00
00
00
e7
00
00
00
00
00
00
00
51
03
00
00
12
00
0f
00
10
01
01
00
00
00
00
00
0f
00
00
00
00
00
00
00
a0
04
00
00
12
00
0f
00
80
2a
01
00
00
00
00
00
94
01
00
00
00
00
00
00
15
05
00
00
11
00
f1
ff
00
00
00
00
00
00
00
00
