7f
45
4c
46
02
01
01
00
00
00
00
00
00
00
00
00
03
00
3e
00
01
00
00
00
00
00
00
00
00
00
00
00
40
00
00
00
00
00
00
00
98
0e
00
00
00
00
00
00
00
00
00
00
40
00
38
00
04
00
40
00
10
00
0f
00
01
00
00
00
05
00
00
00
00
00
00
00
00
00
00
00
00
00
00
00
00
00
00
00
00
00
00
00
00
00
00
00
cd
0d
00
00
00
00
00
00
cd
0d
00
00
00
00
00
00
00
10
00
00
00
00
00
00
02
00
00
00
04
00
00
00
e0
03
00
00
00
00
00
00
e0
03
00
00
00
00
00
00
e0
03
00
00
00
00
00
00
20
01
00
00
00
00
00
00
20
01
00
00
00
00
00
00
08
00
00
00
00
00
00
00
04
00
00
00
04
00
00
00
00
05
00
00
00
00
00
00
00
05
00
00
00
00
00
00
00
05
00
00
00
00
00
00
54
00
00
00
00
00
00
00
54
00
00
00
00
00
00
00
04
00
00
00
00
00
00
00
50
e5
74
64
04
00
00
00
54
05
00
00
00
00
00
00
54
05
00
00
00
00
00
00
54
05
00
00
00
00
00
00
54
00
00
00
00
00
00
00
54
00
00
00
00
00
00
00
04
00
00
00
00
00
00
00
03
00
00
00
0d
00
00
00
06
00
00
00
05
00
00
00
09
00
00
00
00
00
00
00
00
00
00
00
0a
00
00
00
02
00
00
00
0b
00
00
00
00
00
00
00
0c
00
00
00
01
00
00
00
07
00
00
00
08
00
00
00
00
00
00
00
03
00
00
00
04
00
00
00
03
00
00
00
01
00
00
00
02
00
00
00
07
00
00
00
c1
24
b0
11
41
00
02
00
00
04
08
45
02
24
01
80
01
00
00
00
07
00
00
00
0a
00
00
00
7e
55
dd
71
00
ca
1b
b0
da
10
9a
9e
52
8f
30
68
86
4b
85
e6
0d
8e
1e
82
4a
cc
08
6c
94
78
9e
7c
19
a3
43
6e
8a
2a
c6
26
26
b0
62
65
6d
58
87
ff
00
00
00
00
00
00
00
00
00
00
00
00
00
00
00
00
00
00
00
00
00
00
00
00
00
00
00
00
28
00
00
00
22
00
0b
00
10
0c
00
00
00
00
00
00
05
00
00
00
00
00
00
00
01
00
00
00
12
00
0b
00
d0
0b
00
00
00
00
00
00
05
00
00
00
00
00
00
00
3d
00
00
00
22
00
0b
00
20
0c
00
00
00
00
00
00
63
00
00
00
00
00
00
00
36
00
00
00
12
00
0b
00
20
0c
00
00
00
00
00
00
63
00
00
00
00
00
00
00
08
00
00
00
22
00
0b
00
d0
0b
00
00
00
00
00
00
05
00
00
00
00
00
00
00
15
00
00
00
12
00
0b
00
e0
0b
00
00
00
00
00
00
2a
00
00
00
00
00
00
00
58
00
00
00
12
00
0b
00
c0
0c
00
00
00
00
00
00
9d
00
00
00
00
00
00
00
1c
00
00
00
22
00
0b
00
e0
0b
00
00
00
00
00
00
2a
00
00
00
00
00
00
00
21
00
00
00
12
00
0b
00
10
0c
00
00
00
00
00
00
05
00
00
00
00
00
00
00
81
00
00
00
11
00
f1
ff
00
00
00
00
00
00
00
00
00
00
00
00
00
00
00
00
4a
00
00
00
12
00
0b
00
90
0c
00
00
00
00
00
00
26
00
00
00
00
00
00
00
51
00
00
00
22
00
0b
00
90
0c
00
00
00
00
00
00
26
00
00
00
00
00
00
00
00
5f
5f
76
64
73
6f
5f
67
65
74
74
69
6d
65
6f
66
64
61
79
00
5f
5f
76
64
73
6f
5f
74
69
6d
65
00
5f
5f
76
64
73
6f
5f
63
6c
6f
63
6b
5f
67
65
74
74
69
6d
65
00
5f
5f
76
64
73
6f
5f
63
6c
6f
63
6b
5f
67
65
74
72
65
73
00
5f
5f
76
64
73
6f
5f
67
65
74
63
70
75
00
5f
5f
76
64
73
6f
5f
73
67
78
5f
65
6e
74
65
72
5f
65
6e
63
6c
61
76
65
00
6c
69
6e
75
78
2d
76
64
73
6f
2e
73
6f
2e
31
00
4c
49
4e
55
58
5f
32
2e
36
00
00
00
00
02
00
02
00
02
00
02
00
02
00
02
00
02
00
02
00
02
00
02
00
02
00
02
00
00
00
01
00
01
00
01
00
01
00
a1
bf
ee
0d
14
00
00
00
1c
00
00
00
71
00
00
00
00
00
00
00
01
00
00
00
02
00
01
00
f6
75
ae
03
14
00
00
00
00
00
00
00
81
00
00
00
00
00
00
00
0e
00
00
00
00
00
00
00
71
00
00
00
00
00
00
00
10
00
00
00
00
00
00
00
00
00
00
00
00
00
00
00
04
00
00
00
00
00
00
00
20
01
00
00
00
00
00
00
f5
fe
ff
6f
00
00
00
00
68
01
00
00
00
00
00
00
05
00
00
00
00
00
00
00
00
03
00
00
00
00
00
00
06
00
00
00
00
00
00
00
c8
01
00
00
00
00
00
00
0a
00
00
00
00
00
00
00
8b
00
00
00
00
00
00
00
0b
00
00
00
00
00
00
00
18
00
00
00
00
00
00
00
fc
ff
ff
6f
00
00
00
00
a8
03
00
00
00
00
00
00
fd
ff
ff
6f
00
00
00
00
02
00
00
00
00
00
00
00
1e
00
00
00
00
00
00
00
02
00
00
00
00
00
00
00
f0
ff
ff
6f
00
00
00
00
8c
03
00
00
00
00
00
00
00
00
00
00
00
00
00
00
00
00
00
00
00
00
00
00
00
00
00
00
00
00
00
00
00
00
00
00
00
00
00
00
00
00
00
00
00
00
00
00
00
00
00
00
00
00
00
00
00
00
00
00
00
00
00
00
00
00
00
00
00
00
00
00
00
00
00
00
00
00
00
00
00
00
00
00
00
00
00
00
00
00
00
00
00
00
00
00
00
00
00
00
00
00
00
00
06
00
00
00
04
00
00
00
00
00
00
00
4c
69
6e
75
78
00
00
00
83
0f
05
00
06
00
00
00
01
00
00
00
00
01
00
00
4c
69
6e
75
78
00
00
00
00
00
00
00
04
00
00
00
14
00
00
00
03
00
00
00
47
4e
55
00
ea
99
e5
d9
80
dd
1a
4d
23
af
20
aa
35
a7
d8
23
b5
c9
2f
97
01
1b
03
3b
50
00
00
00
09
00
00
00
8c
01
00
00
6c
00
00
00
5c
02
00
00
80
00
00
00
cc
04
00
00
cc
00
00
00
7c
06
00
00
f8
00
00
00
8c
06
00
00
0c
01
00
00
bc
06
00
00
20
01
00
00
cc
06
00
00
34
01
00
00
3c
07
00
00
4c
01
00
00
6c
07
00
00
64
01
00
00
14
00
00
00
00
00
00
00
01
7a
52
00
01
78
10
01
1b
0c
07
08
90
01
00
00
10
00
00
00
1c
00
00
00
18
01
00
00
cd
00
00
00
00
00
00
00
48
00
00
00
30
00
00
00
d4
01
00
00
6f
02
00
00
00
41
0e
10
86
02
43
0d
06
48
8f
03
8e
04
8d
05
8c
06
44
83
07
02
aa
0a
c3
42
cc
42
cd
42
ce
42
cf
41
c6
0c
07
08
42
0b
46
0a
c3
49
cc
42
cd
42
ce
42
cf
41
c6
0c
07
08
42
0b
00
00
28
00
00
00
7c
00
00
00
f8
03
00
00
ac
01
00
00
00
41
0e
10
86
02
49
0d
06
42
8c
03
48
83
04
02
a4
0a
c3
42
cc
41
c6
0c
07
08
42
0b
10
00
00
00
a8
00
00
00
7c
05
00
00
05
00
00
00
00
00
00
00
10
00
00
00
bc
00
00
00
78
05
00
00
2a
00
00
00
00
00
00
00
10
00
00
00
d0
00
00
00
94
05
00
00
05
00
00
00
00
00
00
00
14
00
00
00
e4
00
00
00
90
05
00
00
63
00
00
00
00
00
00
00
00
00
00
00
14
00
00
00
fc
00
00
00
e8
05
00
00
26
00
00
00
00
00
00
00
00
00
00
00
24
00
00
00
14
01
00
00
00
06
00
00
9d
00
00
00
00
41
0e
10
86
02
43
0d
06
41
83
03
02
4e
0c
07
08
42
0c
06
10
00
00
00
83
ff
01
75
0e
0f
01
f9
66
90
48
c1
e2
20
48
09
d0
c3
cc
83
ff
02
74
48
83
ff
03
74
09
48
c7
c0
ff
ff
ff
ff
c3
cc
4c
8d
05
f3
d8
ff
ff
41
8b
38
85
ff
74
e9
4c
8b
0d
ed
d8
ff
ff
48
8b
35
ee
d8
ff
ff
0f
01
f9
66
90
41
8b
08
39
cf
75
df
48
c1
e2
20
48
09
d0
49
f7
e1
48
89
d0
48
01
f0
c3
cc
8b
15
ba
c8
ff
ff
48
8d
3d
b3
c8
ff
ff
89
d6
83
e6
fe
f6
05
c4
c8
ff
ff
01
74
a2
0f
01
f9
66
90
48
c1
e2
20
48
09
c2
48
89
d0
0f
be
15
ab
c8
ff
ff
48
2b
05
90
c8
ff
ff
49
89
c0
89
d1
f7
d9
49
d3
e8
89
d1
48
d3
e0
85
d2
48
8b
0d
80
c8
ff
ff
8b
15
82
c8
ff
ff
49
0f
48
c0
48
f7
e2
48
0f
ac
d0
20
8b
17
39
d6
75
a5
48
01
c8
c3
cc
0f
1f
00
55
48
89
e5
41
57
41
56
41
55
41
54
49
89
f4
53
48
63
df
83
fb
0f
0f
87
a9
00
00
00
b8
01
00
00
00
89
d9
4c
8d
15
a6
b8
ff
ff
d3
e0
89
c2
81
e2
83
08
00
00
0f
84
b4
00
00
00
4c
63
db
49
c1
e3
04
4d
01
d3
45
8b
2a
41
f6
c5
01
0f
85
8c
00
00
00
41
8b
7a
04
e8
d6
fe
ff
ff
48
89
c2
48
85
c0
78
63
49
8b
4a
08
49
8b
43
28
41
8b
72
18
48
39
ca
76
0a
48
29
ca
48
0f
af
d6
48
01
d0
41
8b
4a
1c
49
8b
73
20
41
8b
12
41
39
d5
75
b7
48
d3
e8
48
3d
ff
c9
9a
3b
76
16
31
d2
48
2d
00
ca
9a
3b
83
c2
01
48
3d
ff
c9
9a
3b
77
ef
48
01
d6
49
89
34
24
49
89
44
24
08
31
c0
5b
41
5c
41
5d
41
5e
41
5f
5d
c3
cc
89
df
4c
89
e6
5b
b8
e4
00
00
00
0f
05
41
5c
41
5d
41
5e
41
5f
5d
c3
cc
41
81
7a
04
ff
ff
ff
7f
74
5e
f3
90
e9
56
ff
ff
ff
a8
60
75
11
83
fb
04
75
ce
4c
8d
15
c2
b8
ff
ff
e9
37
ff
ff
ff
48
8d
43
02
48
c1
e0
04
4c
01
d0
41
8b
0a
f6
c1
01
75
1b
48
8b
30
49
89
34
24
48
8b
70
08
49
89
74
24
08
41
8b
32
39
f1
75
e1
31
c0
eb
88
81
3d
99
b7
ff
ff
ff
ff
ff
7f
0f
84
b1
00
00
00
f3
90
eb
c9
4c
8d
1d
84
e7
ff
ff
83
fb
04
4c
63
eb
49
8d
83
f0
00
00
00
4c
0f
44
d8
49
c1
e5
04
4f
8d
3c
2b
45
8b
33
41
f6
c6
01
0f
85
eb
00
00
00
41
8b
7b
04
e8
b5
fd
ff
ff
48
89
c2
48
85
c0
0f
88
3e
ff
ff
ff
49
8b
73
08
49
8b
47
28
41
8b
4b
18
48
39
f2
76
0a
48
29
f2
48
0f
af
d1
48
01
d0
41
8b
4b
1c
49
8b
77
20
41
8b
13
41
39
d6
75
b3
4d
01
ea
48
d3
e8
49
03
42
28
49
03
72
20
48
3d
ff
c9
9a
3b
0f
86
9c
00
00
00
31
d2
48
2d
00
ca
9a
3b
83
c2
01
48
3d
ff
c9
9a
3b
77
ef
48
01
f2
49
89
44
24
08
31
c0
49
89
14
24
e9
c7
fe
ff
ff
48
83
c3
02
48
8d
35
d3
e6
ff
ff
48
89
d8
48
c1
e0
04
4c
8d
0c
06
8b
3e
40
f6
c7
01
75
54
4d
8b
01
49
8b
49
08
44
8b
1e
41
39
fb
75
e9
49
01
c2
49
8b
32
49
03
4a
08
4c
01
c6
48
81
f9
ff
c9
9a
3b
76
13
48
81
e9
00
ca
9a
3b
83
c2
01
48
81
f9
ff
c9
9a
3b
77
ed
89
d0
49
89
4c
24
08
48
01
f0
49
89
04
24
31
c0
e9
5c
fe
ff
ff
f3
90
e9
01
ff
ff
ff
f3
90
eb
a0
31
d2
e9
70
ff
ff
ff
90
55
49
89
fa
49
89
f3
48
89
e5
41
54
4c
8d
25
4d
b6
ff
ff
53
48
85
ff
0f
84
93
00
00
00
41
8b
1c
24
f6
c3
01
0f
85
93
00
00
00
8b
3d
34
b6
ff
ff
e8
8b
fc
ff
ff
48
89
c2
48
85
c0
0f
88
8f
00
00
00
48
8b
0d
20
b6
ff
ff
48
8b
05
39
b6
ff
ff
8b
35
23
b6
ff
ff
48
39
ca
76
0a
48
29
ca
48
0f
af
d6
48
01
d0
8b
0d
12
b6
ff
ff
48
8b
35
0f
b6
ff
ff
41
8b
14
24
39
d3
75
a4
48
d3
e8
48
3d
ff
c9
9a
3b
76
16
31
d2
48
2d
00
ca
9a
3b
83
c2
01
48
3d
ff
c9
9a
3b
77
ef
48
01
d6
89
c0
49
89
32
48
69
c0
d3
4d
62
10
48
c1
e8
26
89
c0
49
89
42
08
31
c0
4d
85
db
75
28
5b
41
5c
5d
c3
cc
81
3d
9d
b5
ff
ff
ff
ff
ff
7f
74
47
f3
90
e9
4d
ff
ff
ff
b8
60
00
00
00
4c
89
d7
4c
89
de
0f
05
eb
d8
48
8d
0d
7a
e5
ff
ff
48
8d
15
73
b5
ff
ff
81
3d
6d
b5
ff
ff
ff
ff
ff
7f
48
0f
44
d1
8b
8a
e0
00
00
00
41
89
0b
8b
92
e4
00
00
00
41
89
53
04
eb
a7
4c
8d
25
49
e5
ff
ff
41
8b
1c
24
f6
c3
01
0f
85
81
00
00
00
8b
3d
3a
e5
ff
ff
e8
91
fb
ff
ff
48
89
c2
48
85
c0
78
99
48
8b
35
2a
e5
ff
ff
48
8b
05
43
e5
ff
ff
8b
0d
2d
e5
ff
ff
48
39
f2
76
0a
48
29
f2
48
0f
af
d1
48
01
d0
8b
0d
1c
e5
ff
ff
48
8b
3d
19
e5
ff
ff
41
8b
14
24
39
da
75
a8
48
d3
e8
48
03
05
0f
b5
ff
ff
48
03
3d
00
b5
ff
ff
31
d2
48
3d
ff
c9
9a
3b
76
11
48
2d
00
ca
9a
3b
83
c2
01
48
3d
ff
c9
9a
3b
77
ef
89
d6
48
01
fe
e9
f5
fe
ff
ff
f3
90
e9
6b
ff
ff
ff
0f
1f
40
00
e9
4b
fe
ff
ff
66
66
2e
0f
1f
84
00
00
00
00
00
48
8d
05
99
b4
ff
ff
48
8d
15
92
e4
ff
ff
81
3d
8c
b4
ff
ff
ff
ff
ff
7f
48
0f
44
c2
48
8b
40
20
48
85
ff
74
03
48
89
07
c3
cc
66
0f
1f
44
00
00
e9
9b
fb
ff
ff
66
66
2e
0f
1f
84
00
00
00
00
00
83
ff
0f
77
51
48
8d
05
54
b4
ff
ff
48
8d
15
4d
e4
ff
ff
89
f9
81
3d
45
b4
ff
ff
ff
ff
ff
7f
48
0f
45
d0
b8
01
00
00
00
d3
e0
a9
93
08
00
00
75
1d
a8
60
74
21
b8
00
09
3d
00
48
85
f6
74
20
48
89
46
08
31
c0
48
c7
06
00
00
00
00
c3
cc
8b
82
e8
00
00
00
eb
e4
b8
e5
00
00
00
0f
05
c3
cc
31
c0
c3
cc
90
90
90
90
90
90
90
90
90
90
90
90
90
b8
7b
00
00
00
0f
03
c0
90
48
85
ff
74
0a
89
c2
81
e2
ff
0f
00
00
89
17
48
85
f6
74
05
c1
e8
0c
89
06
31
c0
c3
cc
90
90
90
90
90
90
90
90
90
90
55
48
89
e5
53
89
c8
83
f8
02
72
49
83
f8
03
77
44
48
8b
4d
10
48
c7
c3
28
00
00
00
48
83
3c
19
00
75
32
48
83
c3
08
48
81
fb
00
01
00
00
75
ec
48
8b
19
48
8d
0d
00
00
00
00
0f
01
d7
48
8b
5d
10
c7
43
08
04
00
00
00
48
83
7b
18
00
75
22
31
c0
5b
c9
c3
cc
b8
ea
ff
ff
ff
eb
f5
48
8b
5d
10
89
43
08
66
89
7b
0c
66
89
73
0e
48
89
53
10
eb
d7
48
89
e1
48
89
d8
48
89
e3
48
83
e3
0f
48
83
e4
f0
50
50
fc
48
8b
40
18
0f
ae
e8
ff
d0
48
8d
64
1c
10
83
f8
00
7e
b9
e9
6a
ff
ff
ff
88
f9
ff
ff
50
00
00
00
72
00
05
05
7c
f9
ff
ff
49
00
00
00
3b
00
05
03
ad
f9
ff
ff
40
00
00
00
72
00
05
05
a1
f9
ff
ff
39
00
00
00
3b
00
05
03
ce
f9
ff
ff
30
00
00
00
72
00
05
05
c2
f9
ff
ff
29
00
00
00
3b
00
05
03
f0
fe
ff
ff
20
00
00
00
16
02
04
04
0f
ae
e8
0f
31
0f
01
f9
0f
ae
e8
0f
31
0f
01
f9
0f
ae
e8
0f
31
0f
01
f9
f3
0f
c7
f8
47
43
43
3a
20
28
55
62
75
6e
74
75
20
31
31
2e
34
2e
30
2d
31
75
62
75
6e
74
75
31
7e
32
32
2e
30
34
29
20
31
31
2e
34
2e
30
00
00
2e
73
68
73
74
72
74
61
62
00
2e
67
6e
75
2e
68
61
73
68
00
2e
64
79
6e
73
79
6d
00
2e
64
79
6e
73
74
72
00
2e
67
6e
75
2e
76
65
72
73
69
6f
6e
00
2e
67
6e
75
2e
76
65
72
73
69
6f
6e
5f
64
00
2e
64
79
6e
61
6d
69
63
00
2e
6e
6f
74
65
00
2e
65
68
5f
66
72
61
6d
65
5f
68
64
72
00
2e
65
68
5f
66
72
61
6d
65
00
2e
74
65
78
74
00
2e
61
6c
74
69
6e
73
74
72
75
63
74
69
6f
6e
73
00
2e
61
6c
74
69
6e
73
74
72
5f
72
65
70
6c
61
63
65
6d
65
6e
74
00
2e
63
6f
6d
6d
65
6e
74
00
00
00
00
00
00
00
00
00
00
00
00
00
00
00
00
00
00
00
00
00
00
00
00
00
00
00
00
00
00
00
00
00
00
00
00
00
00
00
00
00
00
00
00
00
00
00
00
00
00
00
00
00
00
00
00
00
00
00
00
00
00
00
00
00
00
00
0f
00
00
00
05
00
00
00
02
00
00
00
00
00
00
00
20
01
00
00
00
00
00
00
20
01
00
00
00
00
00
00
48
00
00
00
00
00
00
00
03
00
00
00
00
00
00
00
08
00
00
00
00
00
00
00
04
00
00
00
00
00
00
00
0b
00
00
00
f6
ff
ff
6f
02
00
00
00
00
00
00
00
68
01
00
00
00
00
00
00
68
01
00
00
00
00
00
00
5c
00
00
00
00
00
00
00
03
00
00
00
00
00
00
00
08
00
00
00
00
00
00
00
00
00
00
00
00
00
00
00
15
00
00
00
0b
00
00
00
02
00
00
00
00
00
00
00
c8
01
00
00
00
00
00
00
c8
01
00
00
00
00
00
00
38
01
00
00
00
00
00
00
04
00
00
00
01
00
00
00
08
00
00
00
00
00
00
00
18
00
00
00
00
00
00
00
1d
00
00
00
03
00
00
00
02
00
00
00
00
00
00
00
00
03
00
00
00
00
00
00
00
03
00
00
00
00
00
00
8b
00
00
00
00
00
00
00
00
00
00
00
00
00
00
00
01
00
00
00
00
00
00
00
00
00
00
00
00
00
00
00
25
00
00
00
ff
ff
ff
6f
02
00
00
00
00
00
00
00
8c
03
00
00
00
00
00
00
8c
03
00
00
00
00
00
00
1a
00
00
00
00
00
00
00
03
00
00
00
00
00
00
00
02
00
00
00
00
00
00
00
02
00
00
00
00
00
00
00
32
00
00
00
fd
ff
ff
6f
02
00
00
00
00
00
00
00
a8
03
00
00
00
00
00
00
a8
03
00
00
00
00
00
00
38
00
00
00
00
00
00
00
04
00
00
00
02
00
00
00
08
00
00
00
00
00
00
00
00
00
00
00
00
00
00
00
41
00
00
00
06
00
00
00
03
00
00
00
00
00
00
00
e0
03
00
00
00
00
00
00
e0
03
00
00
00
00
00
00
20
01
00
00
00
00
00
00
04
00
00
00
00
00
00
00
08
00
00
00
00
00
00
00
10
00
00
00
00
00
00
00
4a
00
00
00
07
00
00
00
02
00
00
00
00
00
00
00
00
05
00
00
00
00
00
00
00
05
00
00
00
00
00
00
54
00
00
00
00
00
00
00
00
00
00
00
00
00
00
00
04
00
00
00
00
00
00
00
00
00
00
00
00
00
00
00
50
00
00
00
01
00
00
00
02
00
00
00
00
00
00
00
54
05
00
00
00
00
00
00
54
05
00
00
00
00
00
00
54
00
00
00
00
00
00
00
00
00
00
00
00
00
00
00
04
00
00
00
00
00
00
00
00
00
00
00
00
00
00
00
5e
00
00
00
01
00
00
00
02
00
00
00
00
00
00
00
a8
05
00
00
00
00
00
00
a8
05
00
00
00
00
00
00
38
01
00
00
00
00
00
00
00
00
00
00
00
00
00
00
08
00
00
00
00
00
00
00
00
00
00
00
00
00
00
00
68
00
00
00
01
00
00
00
06
00
00
00
00
00
00
00
e0
06
00
00
00
00
00
00
e0
06
00
00
00
00
00
00
7d
06
00
00
00
00
00
00
00
00
00
00
00
00
00
00
10
00
00
00
00
00
00
00
00
00
00
00
00
00
00
00
6e
00
00
00
01
00
00
00
02
00
00
00
00
00
00
00
5d
0d
00
00
00
00
00
00
5d
0d
00
00
00
00
00
00
54
00
00
00
00
00
00
00
00
00
00
00
00
00
00
00
01
00
00
00
00
00
00
00
00
00
00
00
00
00
00
00
7f
00
00
00
01
00
00
00
06
00
00
00
00
00
00
00
b1
0d
00
00
00
00
00
00
b1
0d
00
00
00
00
00
00
1c
00
00
00
00
00
00
00
00
00
00
00
00
00
00
00
01
00
00
00
00
00
00
00
00
00
00
00
00
00
00
00
95
00
00
00
01
00
00
00
30
00
00
00
00
00
00
00
00
00
00
00
00
00
00
00
cd
0d
00
00
00
00
00
00
2b
00
00
00
00
00
00
00
00
00
00
00
00
00
00
00
01
00
00
00
00
00
00
00
01
00
00
00
00
00
00
00
01
00
00
00
03
00
00
00
00
00
00
00
00
00
00
00
00
00
00
00
00
00
00
00
f8
0d
00
00
00
00
00
00
9e
00
00
00
00
00
00
00
00
00
00
00
00
00
00
00
01
00
00
00
00
00
00
00
00
00
00
00
00
00
00
00
00
00
00
00
00
00
00
00
00
00
00
00
00
00
00
00
00
00
00
00
00
00
00
00
00
00
00
00
00
00
00
00
00
00
00
00
00
00
00
00
00
00
00
00
00
00
00
00
00
00
00
00
00
00
00
00
00
00
00
00
00
00
00
00
00
00
00
00
00
00
00
00
00
00
00
00
00
00
00
00
00
00
00
00
00
00
00
00
00
00
00
00
00
00
00
00
00
00
00
00
00
00
00
00
00
00
00
00
00
00
00
00
00
00
00
00
00
00
00
00
00
00
00
00
00
00
00
00
00
00
00
00
00
00
00
00
00
00
00
00
00
00
00
00
00
00
00
00
00
00
00
00
00
00
00
00
00
00
00
00
00
00
00
00
00
00
00
00
00
00
00
00
00
00
00
00
00
00
00
00
00
00
00
00
00
00
00
00
00
00
00
00
00
00
00
00
00
00
00
00
00
00
00
00
00
00
00
00
00
00
00
00
00
00
00
00
00
00
00
00
00
00
00
00
00
00
00
00
00
00
00
00
00
00
00
00
00
00
00
00
00
00
00
00
00
00
00
00
00
00
00
00
00
00
00
00
00
00
00
00
00
00
00
00
00
00
00
00
00
00
00
00
00
00
00
00
00
00
00
00
00
00
00
00
00
00
00
00
00
00
00
00
00
00
00
00
00
00
00
00
00
00
00
00
00
00
00
00
00
00
00
00
00
00
00
00
00
00
00
00
00
00
00
00
00
00
00
00
00
00
00
00
00
00
00
00
00
00
00
00
00
00
00
00
00
00
00
00
00
00
00
00
00
00
00
00
00
00
00
00
00
00
00
00
00
00
00
00
00
00
00
00
00
00
00
00
00
00
00
00
00
00
00
00
00
00
00
00
00
00
00
00
00
00
00
00
00
00
00
00
00
00
00
00
00
00
00
00
00
00
00
00
00
00
00
00
00
00
00
00
00
00
00
00
00
00
00
00
00
00
00
00
00
00
00
00
00
00
00
00
00
00
00
00
00
00
00
00
00
00
00
00
00
00
00
00
00
00
00
00
00
00
00
00
00
00
00
00
00
00
00
00
00
00
00
00
00
00
00
00
00
00
00
00
00
00
00
00
00
00
00
00
00
00
00
00
00
00
00
00
00
00
00
00
00
00
00
00
00
00
00
00
00
00
00
00
00
00
00
00
00
00
00
00
00
00
00
00
00
00
00
00
00
00
00
00
00
00
00
00
00
00
00
00
00
00
00
00
00
00
00
00
00
00
00
00
00
00
00
00
00
00
00
00
00
00
00
00
00
00
00
00
00
00
00
00
00
00
00
00
00
00
00
00
00
00
00
00
00
00
00
00
00
00
00
00
00
00
00
00
00
00
00
00
00
00
00
00
00
00
00
00
00
00
00
00
00
00
00
00
00
00
00
00
00
00
00
00
00
00
00
00
00
00
00
00
00
00
00
00
00
00
00
00
00
00
00
00
00
00
00
00
00
00
00
00
00
00
00
00
00
00
00
00
00
00
00
00
00
00
00
00
00
00
00
00
00
00
00
00
00
00
00
00
00
00
00
00
00
00
00
00
00
00
00
00
00
00
00
00
00
00
00
00
00
00
00
00
00
00
00
00
00
00
00
00
00
00
00
00
00
00
00
00
00
00
00
00
00
00
00
00
00
00
00
00
00
00
00
00
00
00
00
00
00
00
00
00
00
00
00
00
00
00
00
00
00
00
00
00
00
00
00
00
00
00
00
00
00
00
00
00
00
00
00
00
00
00
00
00
00
00
00
00
00
00
00
00
00
00
00
00
00
00
00
00
00
00
00
00
00
00
00
00
00
00
00
00
00
00
00
00
00
00
00
00
00
00
00
00
00
00
00
00
00
00
00
00
00
00
00
00
00
00
00
00
00
00
00
00
00
00
00
00
00
00
00
00
00
00
00
00
00
00
00
00
00
00
00
00
00
00
00
00
00
00
00
00
00
00
00
00
00
00
00
00
00
00
00
00
00
00
00
00
00
00
00
00
00
00
00
00
00
00
00
00
00
00
00
00
00
00
00
00
00
00
00
00
00
00
00
00
00
00
00
00
00
00
00
00
00
00
00
00
00
00
00
00
00
00
00
00
00
00
00
00
00
00
00
00
00
00
00
00
00
00
00
00
00
00
00
00
00
00
00
00
00
00
00
00
00
00
00
00
00
00
00
00
00
00
00
00
00
00
00
00
00
00
00
00
00
00
00
00
00
00
00
00
00
00
00
00
00
00
00
00
00
00
00
00
00
00
00
00
00
00
00
00
00
00
00
00
00
00
00
00
00
00
00
00
00
00
00
00
00
00
00
00
00
00
00
00
00
00
00
00
00
00
00
00
00
00
00
00
00
00
00
00
00
00
00
00
00
00
00
00
00
00
00
00
00
00
00
00
00
00
00
00
00
00
00
00
00
00
00
00
00
00
00
00
00
00
00
00
00
00
00
00
00
00
00
00
00
00
00
00
00
00
00
00
00
00
00
00
00
00
00
00
00
00
00
00
00
00
00
00
00
00
00
00
00
00
00
00
00
00
00
00
00
00
00
00
00
00
00
00
00
00
00
00
00
00
00
00
00
00
00
00
00
00
00
00
00
00
00
00
00
00
00
00
00
00
00
00
00
00
00
00
00
00
00
00
00
00
00
00
00
00
00
00
00
00
00
00
00
00
00
00
00
00
00
00
00
00
00
00
00
00
00
00
00
00
00
00
00
00
00
00
00
00
00
00
00
00
00
00
00
00
00
00
00
00
00
00
00
00
00
00
00
00
00
00
00
00
00
00
00
00
00
00
00
00
00
00
00
00
00
00
00
00
00
00
00
00
00
00
00
00
00
00
00
00
00
00
00
00
00
00
00
00
00
00
00
00
00
00
00
00
00
00
00
00
00
00
00
00
00
00
00
00
00
00
00
00
00
00
00
00
00
00
00
00
00
00
00
00
00
00
00
00
00
00
00
00
00
00
00
00
00
00
00
00
00
00
00
00
00
00
00
00
00
00
00
00
00
00
00
00
00
00
00
00
00
00
00
00
00
00
00
00
00
00
00
00
00
00
00
00
00
00
00
00
00
00
00
00
00
00
00
00
00
00
00
00
00
00
00
00
00
00
00
00
00
00
00
00
00
00
00
00
00
00
00
00
00
00
00
00
00
00
00
00
00
00
00
00
00
00
00
00
00
00
00
00
00
00
00
00
00
00
00
00
00
00
00
00
00
00
00
00
00
00
00
00
00
00
00
00
00
00
00
00
00
00
00
00
00
00
00
00
00
00
00
00
00
00
00
00
00
00
00
00
00
00
00
00
00
00
00
00
00
00
00
00
00
00
00
00
00
00
00
00
00
00
00
00
00
00
00
00
00
00
00
00
00
00
00
00
00
00
00
00
00
00
00
00
00
00
00
00
00
00
00
00
00
00
00
00
00
00
00
00
00
00
00
00
00
00
00
00
00
00
00
00
00
00
00
00
00
00
00
00
00
00
00
00
00
00
00
00
00
00
00
00
00
00
00
00
00
00
00
00
00
00
00
00
00
00
00
00
00
00
00
00
00
00
00
00
00
00
00
00
00
00
00
00
00
00
00
00
00
00
00
00
00
00
00
00
00
00
00
00
00
00
00
00
00
00
00
00
00
00
00
00
00
00
00
00
00
00
00
00
00
00
00
00
00
00
00
00
00
00
00
00
00
00
00
00
00
00
00
00
00
00
00
00
00
00
00
00
00
00
00
00
00
00
00
00
00
00
00
00
00
00
00
00
00
00
00
00
00
00
00
00
00
00
00
00
00
00
00
00
00
00
00
00
00
00
00
00
00
00
00
00
00
00
00
00
00
00
00
00
00
00
00
00
00
00
00
00
00
00
00
00
00
00
00
00
00
00
00
00
00
00
00
00
00
00
00
00
00
00
00
00
00
00
00
00
00
00
00
00
00
00
00
00
00
00
00
00
00
00
00
00
00
00
00
00
00
00
00
00
00
00
00
00
00
00
00
00
00
00
00
00
00
00
00
00
00
00
00
00
00
00
00
00
00
00
00
00
00
00
00
00
00
00
00
00
00
00
00
00
00
00
00
00
00
00
00
00
00
00
00
00
00
00
00
00
00
00
00
00
00
00
00
00
00
00
00
00
00
00
00
00
00
00
00
00
00
00
00
00
00
00
00
00
00
00
00
00
00
00
00
00
00
00
00
00
00
00
00
00
00
00
00
00
00
00
00
00
00
00
00
00
00
00
00
00
00
00
00
00
00
00
00
00
00
00
00
00
00
00
00
00
00
00
00
00
00
00
00
00
00
00
00
00
00
00
00
00
00
00
00
00
00
00
00
00
00
00
00
00
00
00
00
00
00
00
00
00
00
00
00
00
00
00
00
00
00
00
00
00
00
00
00
00
00
00
00
00
00
00
00
00
00
00
00
00
00
00
00
00
00
00
00
00
00
00
00
00
00
00
00
00
00
00
00
00
00
00
00
00
00
00
00
00
00
00
00
00
00
00
00
00
00
00
00
00
00
00
00
00
00
00
00
00
00
00
00
00
00
00
00
00
00
00
00
00
00
00
00
00
00
00
00
00
00
00
00
00
00
00
00
00
00
00
00
00
00
00
00
00
00
00
00
00
00
00
00
00
00
00
00
00
00
00
00
00
00
00
00
00
00
00
00
00
00
00
00
00
00
00
00
00
00
00
00
00
00
00
00
00
00
00
00
00
00
00
00
00
00
00
00
00
00
00
00
00
00
00
00
00
00
00
00
00
00
00
00
00
00
00
00
00
00
00
00
00
00
00
00
00
00
00
00
00
00
00
00
00
00
00
00
00
00
00
00
00
00
00
00
00
00
00
00
00
00
00
00
00
00
00
00
00
00
00
00
00
00
00
00
00
00
00
00
00
00
00
00
00
00
00
00
00
00
00
00
00
00
00
00
00
00
00
00
00
00
00
00
00
00
00
00
00
00
00
00
00
00
00
00
00
00
00
00
00
00
00
00
00
00
00
00
00
00
00
00
00
00
00
00
00
00
00
00
00
00
00
00
00
00
00
00
00
00
00
00
00
00
00
00
00
00
00
00
00
00
00
00
00
00
00
00
00
00
00
00
00
00
00
00
00
00
00
00
00
00
00
00
00
00
00
00
00
00
00
00
00
00
00
00
00
00
00
00
00
00
00
00
00
00
00
00
00
00
00
00
00
00
00
00
00
00
00
00
00
00
00
00
00
00
00
00
00
00
00
00
00
00
00
00
00
00
00
00
00
00
00
00
00
00
00
00
00
00
00
00
00
00
00
00
00
00
00
00
00
00
00
00
00
00
00
00
00
00
00
00
00
00
00
00
00
00
00
00
00
00
00
00
00
00
00
00
00
00
00
00
00
00
00
00
00
00
00
00
00
00
00
00
00
00
00
00
00
00
00
00
00
00
00
00
00
00
00
00
00
00
00
00
00
00
00
00
00
00
00
00
00
00
00
00
00
00
00
00
00
00
00
00
00
00
00
00
00
00
00
00
00
00
00
00
00
00
00
00
00
00
00
00
00
00
00
00
00
00
00
00
00
00
00
00
00
00
00
00
00
00
00
00
00
00
00
00
00
00
00
00
00
00
00
00
00
00
00
00
00
00
00
00
00
00
00
00
00
00
00
00
00
00
00
00
00
00
00
00
00
00
00
00
00
00
00
00
00
00
00
00
00
00
00
00
00
00
00
00
00
00
00
00
00
00
00
00
00
00
00
00
00
00
00
00
00
00
00
00
00
00
00
00
00
00
00
00
00
00
00
00
00
00
00
00
00
00
00
00
00
00
00
00
00
00
00
00
00
00
00
00
00
00
00
00
00
00
00
00
00
00
00
00
00
00
00
00
00
00
00
00
00
00
00
00
00
00
00
00
00
00
00
00
00
00
00
00
00
00
00
00
00
00
00
00
00
00
00
00
00
00
00
00
00
00
00
00
00
00
00
00
00
00
00
00
00
00
00
00
00
00
00
00
00
00
00
00
00
00
00
00
00
00
00
00
00
00
00
00
00
00
00
00
00
00
00
00
00
00
00
00
00
00
00
00
00
00
00
00
00
00
00
00
00
00
00
00
00
00
00
00
00
00
00
00
00
00
00
00
00
00
00
00
00
00
00
00
00
00
00
00
00
00
00
00
00
00
00
00
00
00
00
00
00
00
00
00
00
00
00
00
00
00
00
00
00
00
00
00
00
00
00
00
00
00
00
00
00
00
00
00
00
00
00
00
00
00
00
00
00
00
00
00
00
00
00
00
00
00
00
00
00
00
00
00
00
00
00
00
00
00
00
00
00
00
00
00
00
00
00
00
00
00
00
00
00
00
00
00
00
00
00
00
00
00
00
00
00
00
00
00
00
00
00
00
00
00
00
00
00
00
00
00
00
00
00
00
00
00
00
00
00
00
00
00
00
00
00
00
00
00
00
00
00
00
00
00
00
00
00
00
00
00
00
00
00
00
00
00
00
00
00
00
00
00
00
00
00
00
00
00
00
00
00
00
00
00
00
00
00
00
00
00
00
00
00
00
00
00
00
00
00
00
00
00
00
00
00
00
00
00
00
00
00
00
00
00
00
00
00
00
00
00
00
00
00
00
00
00
00
00
00
00
00
00
00
00
00
00
00
00
00
00
00
00
00
00
00
00
00
00
00
00
00
00
00
00
00
00
00
00
00
00
00
00
00
00
00
00
00
00
00
00
00
00
00
00
00
00
00
00
00
00
00
00
00
00
00
00
00
00
00
00
00
00
00
00
00
00
00
00
00
00
00
00
00
00
00
00
00
00
00
00
00
00
00
00
00
00
00
00
00
00
00
00
00
00
00
00
00
00
00
00
00
00
00
00
00
00
00
00
00
00
00
00
00
00
00
00
00
00
00
00
00
00
00
00
00
00
00
00
00
00
00
00
00
00
00
00
00
00
00
00
00
00
00
00
00
00
00
00
00
00
00
00
00
00
00
00
00
00
00
00
00
00
00
00
00
00
00
00
00
00
00
00
00
00
00
00
00
00
00
00
00
00
00
00
00
00
00
00
00
00
00
00
00
00
00
00
00
00
00
00
00
00
00
00
00
00
00
00
00
00
00
00
00
00
00
00
00
00
00
00
00
00
00
00
00
00
00
00
00
00
00
00
00
00
00
00
00
00
00
00
00
00
00
00
00
00
00
00
00
00
00
00
00
00
00
00
00
00
00
00
00
00
00
00
00
00
00
00
00
00
00
00
00
00
00
00
00
00
00
00
00
00
00
00
00
00
00
00
00
00
00
00
00
00
00
00
00
00
00
00
00
00
00
00
00
00
00
00
00
00
00
00
00
00
00
00
00
00
00
00
00
00
00
00
00
00
00
00
00
00
00
00
00
00
00
00
00
00
00
00
00
00
00
00
00
00
00
00
00
00
00
00
00
00
00
00
00
00
00
00
00
00
00
00
00
00
00
00
00
00
00
00
00
00
00
00
00
00
00
00
00
00
00
00
00
00
00
00
00
00
00
00
00
00
00
00
00
00
00
00
00
00
00
00
00
00
00
00
00
00
00
00
00
00
00
00
00
00
00
00
00
00
00
00
00
00
00
00
00
00
00
00
00
00
00
00
00
00
00
00
00
00
00
00
00
00
00
00
00
00
00
00
00
00
00
00
00
00
00
00
00
00
00
00
00
00
00
00
00
00
00
00
00
00
00
00
00
00
00
00
00
00
00
00
00
00
00
00
00
00
00
00
00
00
00
00
00
00
00
00
00
00
00
