7f
45
4c
46
02
01
01
03
00
00
00
00
00
00
00
00
03
00
3e
00
01
00
00
00
00
00
00
00
00
00
00
00
40
00
00
00
00
00
00
00
e8
ce
bc
14
00
00
00
00
00
00
00
00
40
00
38
00
0c
00
40
00
2a
00
29
00
01
00
00
00
04
00
00
00
00
00
00
00
00
00
00
00
00
00
00
00
00
00
00
00
00
00
00
00
00
00
00
00
88
e5
40
01
00
00
00
00
88
e5
40
01
00
00
00
00
00
10
00
00
00
00
00
00
01
00
00
00
05
00
00
00
00
f0
40
01
00
00
00
00
00
f0
40
01
00
00
00
00
00
f0
40
01
00
00
00
00
3d
f2
40
02
00
00
00
00
3d
f2
40
02
00
00
00
00
00
10
00
00
00
00
00
00
01
00
00
00
04
00
00
00
00
f0
81
03
00
00
00
00
00
f0
81
03
00
00
00
00
00
f0
81
03
00
00
00
00
80
4f
b1
00
00
00
00
00
80
4f
b1
00
00
00
00
00
00
10
00
00
00
00
00
00
01
00
00
00
06
00
00
00
80
40
33
04
00
00
00
00
80
50
33
04
00
00
00
00
80
50
33
04
00
00
00
00
c0
0e
10
00
00
00
00
00
98
51
37
00
00
00
00
00
00
10
00
00
00
00
00
00
02
00
00
00
06
00
00
00
f0
d4
37
04
00
00
00
00
f0
e4
37
04
00
00
00
00
f0
e4
37
04
00
00
00
00
a0
02
00
00
00
00
00
00
a0
02
00
00
00
00
00
00
08
00
00
00
00
00
00
00
04
00
00
00
04
00
00
00
e0
02
00
00
00
00
00
00
e0
02
00
00
00
00
00
00
e0
02
00
00
00
00
00
00
20
00
00
00
00
00
00
00
20
00
00
00
00
00
00
00
08
00
00
00
00
00
00
00
04
00
00
00
04
00
00
00
00
03
00
00
00
00
00
00
00
03
00
00
00
00
00
00
00
03
00
00
00
00
00
00
24
00
00
00
00
00
00
00
24
00
00
00
00
00
00
00
04
00
00
00
00
00
00
00
07
00
00
00
04
00
00
00
80
40
33
04
00
00
00
00
80
50
33
04
00
00
00
00
80
50
33
04
00
00
00
00
50
0a
00
00
00
00
00
00
59
0a
00
00
00
00
00
00
08
00
00
00
00
00
00
00
53
e5
74
64
04
00
00
00
e0
02
00
00
00
00
00
00
e0
02
00
00
00
00
00
00
e0
02
00
00
00
00
00
00
20
00
00
00
00
00
00
00
20
00
00
00
00
00
00
00
08
00
00
00
00
00
00
00
50
e5
74
64
04
00
00
00
a8
4c
98
03
00
00
00
00
a8
4c
98
03
00
00
00
00
a8
4c
98
03
00
00
00
00
14
48
1a
00
00
00
00
00
14
48
1a
00
00
00
00
00
04
00
00
00
00
00
00
00
51
e5
74
64
06
00
00
00
00
00
00
00
00
00
00
00
00
00
00
00
00
00
00
00
00
00
00
00
00
00
00
00
00
00
00
00
00
00
00
00
00
00
00
00
00
00
00
00
10
00
00
00
00
00
00
00
52
e5
74
64
04
00
00
00
80
40
33
04
00
00
00
00
80
50
33
04
00
00
00
00
80
50
33
04
00
00
00
00
80
ff
04
00
00
00
00
00
80
ff
04
00
00
00
00
00
01
00
00
00
00
00
00
00
04
00
00
00
10
00
00
00
05
00
00
00
47
4e
55
00
02
00
00
c0
04
00
00
00
03
00
00
00
00
00
00
00
04
00
00
00
14
00
00
00
03
00
00
00
47
4e
55
00
90
24
69
65
84
f2
b9
44
59
e9
1f
ff
d3
41
4b
66
59
e3
16
26
00
00
00
00
03
80
00
00
2c
02
00
00
00
40
00
00
14
00
00
00
08
80
00
00
09
08
00
0c
40
04
8e
20
22
1c
24
02
01
00
02
65
01
00
00
10
05
62
10
90
01
34
20
20
40
20
84
28
8a
80
08
00
20
80
52
0a
26
82
00
41
20
51
24
12
90
17
00
03
81
57
80
08
88
c0
60
04
80
06
21
00
92
48
40
40
0a
01
90
00
52
c8
40
00
03
04
91
01
68
01
63
1e
44
10
00
40
00
00
60
08
20
01
00
80
08
04
01
21
02
10
38
21
21
00
92
d5
08
02
8b
01
02
42
04
40
00
80
00
00
00
80
26
a0
34
46
21
00
80
21
4c
42
08
00
00
08
c2
00
02
00
48
20
45
40
82
00
c0
82
20
12
80
ae
60
c4
46
06
4c
c9
b1
00
44
42
a0
28
90
32
80
c8
04
00
80
03
40
80
00
02
42
26
11
04
08
04
20
00
50
28
81
04
00
48
25
38
08
00
41
01
10
01
00
20
4a
00
28
00
40
04
04
80
12
81
01
04
2c
09
00
13
42
10
8c
14
40
40
00
00
00
a0
40
80
91
02
20
89
40
80
00
00
85
88
00
06
30
70
36
04
00
84
10
40
00
00
18
10
ab
08
16
04
24
08
1a
00
00
09
41
01
00
13
00
03
60
00
a7
09
01
08
68
20
37
20
86
48
00
00
00
40
52
93
1c
98
61
1c
c2
00
02
80
04
64
00
00
09
00
43
40
54
20
0c
24
28
0e
01
00
80
39
40
90
0c
00
0d
00
40
e8
00
40
12
50
00
90
04
09
82
24
08
c2
01
28
01
00
0e
2c
08
80
81
00
00
90
01
48
30
01
00
20
45
00
a0
70
10
40
64
c5
24
10
08
00
98
22
08
0c
84
40
88
00
11
42
a4
25
88
06
24
a0
10
00
02
00
42
42
03
18
14
00
d6
50
00
04
10
0c
24
0c
cc
00
95
22
70
17
b1
45
04
04
40
c0
60
84
84
00
00
22
20
04
00
c1
50
a0
24
02
41
85
42
62
50
40
42
00
00
00
84
01
25
01
01
00
60
0a
10
00
c0
00
02
40
c0
60
40
10
01
20
1b
44
80
00
4d
60
03
62
02
b0
07
0b
09
22
df
a1
22
c0
04
20
00
92
88
0a
22
21
60
99
42
25
20
70
02
00
01
21
a0
c0
00
00
d0
05
d0
a0
00
00
a0
12
01
35
08
00
02
07
e0
00
11
05
c0
03
74
42
44
0e
40
21
40
06
01
80
1a
ec
10
99
82
18
46
20
02
04
90
0c
00
84
44
50
2b
85
08
08
44
00
62
87
35
21
60
4e
08
14
00
84
00
80
84
04
a2
01
80
02
95
20
05
00
00
34
04
00
82
3b
32
19
12
82
00
08
40
04
00
00
00
80
4a
80
82
02
80
00
20
10
00
20
40
30
52
40
00
0c
00
04
a1
10
45
0a
41
08
80
93
01
00
03
0a
80
90
30
18
01
40
02
04
04
80
10
42
02
84
04
00
81
05
61
82
28
04
01
c0
00
01
04
80
08
00
ab
03
42
00
81
83
42
90
10
4d
60
00
40
40
00
40
09
23
14
08
50
58
49
0e
00
4d
20
00
a1
68
00
3b
08
00
00
01
01
01
28
88
04
00
04
01
01
92
10
00
c0
02
00
10
80
00
00
20
05
81
00
02
60
08
44
0c
26
20
00
82
60
b0
05
02
02
25
00
40
40
80
0c
20
08
08
4a
50
1d
22
20
84
26
90
00
81
40
00
a1
93
10
01
1c
a2
54
00
00
88
02
32
92
00
80
10
04
00
02
1c
88
c0
10
84
01
8a
35
20
08
21
28
04
19
14
38
00
20
23
c0
00
40
00
00
49
24
02
40
00
00
18
20
40
01
14
a0
40
00
03
18
84
02
0a
07
c4
50
10
f8
31
04
e0
80
30
00
2a
18
2d
94
40
00
28
41
90
70
3e
0a
38
4a
81
14
c3
40
a4
02
0f
86
61
88
48
10
08
89
02
42
10
03
28
03
02
20
20
51
a0
28
15
2a
48
d4
40
10
00
23
b4
b9
c0
0a
81
84
22
19
34
2c
cc
39
00
cd
18
ae
5c
23
04
66
61
40
45
21
18
99
78
80
4a
04
52
e5
30
00
80
d2
2c
08
08
50
83
08
40
18
63
4c
10
81
9a
00
20
21
41
e8
02
98
04
b4
04
18
01
40
02
20
4c
c2
60
00
03
68
00
2e
40
10
40
01
00
01
d8
00
11
10
03
00
41
88
00
01
01
0e
01
f9
10
25
10
85
a8
68
61
0d
c4
01
00
22
46
a0
c0
22
08
d4
20
18
10
00
00
c9
00
e5
28
04
08
0a
19
00
42
15
10
14
02
86
36
40
48
01
5b
2f
e0
04
38
40
40
00
82
41
a4
4c
80
18
44
bb
a5
28
0c
68
00
23
1e
05
28
42
25
09
08
10
00
00
84
03
52
10
c0
be
05
1a
1b
02
50
00
01
13
10
20
45
00
00
01
42
10
46
60
a2
01
40
04
cd
35
b1
52
92
88
9a
8a
8c
d0
89
a0
40
44
02
80
32
c1
80
24
51
00
08
8f
25
02
06
c0
68
00
03
30
04
08
01
04
e0
00
1b
01
10
30
07
09
04
00
04
41
40
23
01
85
28
10
a0
00
00
00
a1
04
04
80
00
8e
07
78
a0
10
50
00
0c
10
10
08
80
20
04
02
0c
14
81
00
00
40
20
00
48
0a
00
05
00
80
07
00
00
88
2a
7e
02
03
82
04
00
01
00
90
10
00
14
07
10
18
51
41
03
84
d1
40
85
10
40
b3
41
0c
05
20
d0
03
10
48
a5
20
22
04
74
c0
00
00
12
a4
c4
88
90
09
27
49
91
1f
8a
2a
10
2c
42
d3
0a
22
41
e8
01
10
04
02
04
54
c1
00
22
00
93
12
08
e2
61
30
00
05
00
1a
04
00
20
42
40
08
00
00
04
26
8c
02
14
d0
20
03
29
13
02
80
01
4e
2c
b0
0c
40
32
40
60
cc
90
40
24
01
e0
22
45
00
c0
00
04
00
00
a0
01
a3
09
00
08
40
00
42
10
44
90
02
02
00
40
08
00
05
34
81
c2
00
80
20
06
04
80
02
03
08
10
01
09
01
10
82
41
11
18
43
40
29
c0
91
01
08
b1
06
b1
a9
19
81
06
40
10
14
a6
44
00
27
12
00
06
21
c8
00
05
04
45
72
c2
00
04
48
e8
04
0f
80
22
20
00
01
04
1c
10
44
22
10
a0
44
24
22
01
40
00
88
00
04
4d
2b
40
04
64
90
0a
00
00
95
00
40
04
06
28
30
10
40
01
20
a1
b2
0a
00
02
04
c1
00
80
c8
44
00
20
08
00
62
40
00
02
20
13
09
04
04
ac
01
e2
00
04
81
42
05
e0
00
00
90
a2
80
01
00
10
38
0d
0d
80
c1
80
00
80
1c
15
a1
8d
8c
10
82
28
92
15
5a
20
01
28
18
30
14
20
02
01
04
04
2c
40
30
00
00
10
00
2e
00
04
01
40
00
02
50
c1
27
48
00
30
40
01
9c
14
46
00
01
14
23
00
0c
00
01
64
00
31
14
00
60
32
04
22
40
8c
00
40
00
81
50
48
50
80
00
20
01
08
50
10
0d
03
50
16
01
c0
40
08
21
06
20
04
00
49
55
2e
22
09
00
20
0c
00
a0
22
30
20
00
00
06
20
00
00
80
00
10
00
a0
10
00
02
04
10
30
84
30
58
00
a0
10
04
46
00
a0
b0
20
30
11
04
d5
81
40
20
00
42
09
10
0c
20
20
44
52
00
08
49
00
00
00
21
00
00
48
80
30
c2
05
00
08
41
81
52
00
00
10
48
44
1b
51
00
80
00
34
08
80
51
20
28
01
6c
14
00
04
08
00
20
06
08
01
20
44
b1
40
91
80
02
40
18
00
00
02
88
11
2a
80
25
80
01
08
0e
00
44
40
42
90
44
44
70
03
28
00
08
42
50
09
00
05
61
80
05
80
5c
01
8a
60
00
10
10
00
02
48
00
20
02
88
03
08
40
12
30
28
00
48
01
23
00
08
28
41
2a
0c
08
89
00
88
00
88
07
4f
64
22
0e
ec
00
83
48
21
82
50
00
08
14
04
01
02
98
08
c5
48
04
44
32
44
02
06
00
24
25
21
00
70
00
13
80
79
40
0a
80
34
09
9c
a0
20
40
00
a1
00
02
10
01
00
50
00
00
10
00
41
00
80
06
00
22
48
50
08
20
25
66
00
11
80
40
00
01
02
00
00
40
00
00
26
11
00
c2
02
42
81
09
8c
80
00
80
aa
08
25
00
60
00
00
41
c4
c5
1a
46
8a
0e
60
40
80
20
81
00
5a
08
80
a0
02
14
00
08
09
02
01
00
c2
08
01
02
1a
11
00
80
00
00
52
00
00
10
80
04
00
08
00
80
90
00
01
81
24
a3
99
d0
00
50
50
9b
11
40
08
00
c0
10
22
60
02
46
88
00
41
3a
84
89
0b
90
9e
34
90
0f
69
04
08
02
04
84
00
01
00
01
44
40
10
40
12
20
41
02
42
82
40
66
8c
14
26
a5
00
22
83
01
26
01
28
93
20
00
d4
50
c4
40
49
c4
0d
81
00
01
46
28
45
07
0e
09
00
85
a6
02
90
00
40
21
00
80
00
00
00
00
18
d0
84
a4
80
d8
31
81
00
42
00
20
10
42
29
01
00
08
00
80
00
00
00
00
08
00
04
0a
10
00
10
20
02
40
58
80
31
a4
02
34
01
40
01
05
20
1a
11
14
00
08
10
00
00
00
09
00
44
00
80
00
00
60
84
00
88
18
01
10
01
00
29
00
04
20
00
00
02
00
20
04
9c
08
a4
92
2c
10
10
84
a1
04
08
00
00
15
40
a2
00
13
0b
04
0c
2a
80
02
4c
21
50
00
90
00
20
04
0c
01
42
00
c9
04
09
20
80
06
06
00
00
41
05
20
00
25
00
40
24
04
15
10
66
c4
0d
6e
45
40
ba
80
10
00
03
74
00
34
28
01
20
88
0c
20
03
04
00
08
10
43
94
00
c4
22
12
01
16
84
40
01
89
10
11
42
08
18
82
62
20
22
c0
05
20
4a
b8
42
14
20
00
68
02
08
18
60
18
00
24
00
80
30
1a
14
04
00
00
40
18
00
00
00
20
64
51
08
31
20
0d
28
20
98
00
0c
08
e6
00
20
02
00
00
14
40
08
80
01
02
09
00
01
29
01
42
14
00
10
64
00
15
00
40
20
00
41
04
0a
08
05
48
f8
05
03
08
a5
10
01
9c
08
09
0e
10
80
45
c1
40
9c
80
41
82
c0
4a
00
20
c3
44
50
00
20
a6
40
04
02
01
04
00
04
48
10
00
81
00
10
89
10
00
a0
10
00
0b
10
20
82
0a
20
48
03
98
80
24
24
d8
30
a0
44
81
42
00
00
11
84
40
64
20
8c
04
80
12
18
60
40
c4
09
10
09
40
41
04
52
00
a0
00
02
40
00
12
01
a1
2a
48
22
08
60
09
00
24
00
40
20
08
04
02
20
50
65
0c
45
81
10
40
20
20
02
04
00
08
07
40
06
00
40
cc
24
20
5b
08
01
52
0c
a5
00
81
51
20
00
48
00
00
50
80
40
00
00
21
00
40
01
88
00
00
04
5c
60
00
26
01
02
11
80
82
20
00
09
99
01
40
01
0e
07
90
01
00
81
cd
02
00
40
08
25
44
72
90
08
84
00
19
50
88
26
e3
01
88
a4
00
04
e4
19
c4
71
60
14
a8
c0
22
10
00
00
80
02
20
48
02
00
80
1a
00
00
01
11
0c
d8
01
53
20
12
0c
00
0c
00
04
61
31
21
d2
53
04
09
c5
35
d4
a0
13
21
08
00
13
0e
43
40
06
81
01
09
00
00
28
00
18
08
80
02
20
a6
20
09
a1
01
08
80
c4
19
04
29
d4
13
10
00
2a
08
10
40
03
40
20
81
00
00
08
42
00
0c
88
12
46
c4
11
80
13
11
10
01
11
28
60
0e
a4
00
4c
0a
80
11
33
44
80
64
10
1a
80
05
c0
42
81
a4
08
02
80
11
80
49
01
8a
10
96
8c
a2
80
0c
82
f0
60
18
00
01
48
48
00
0a
01
00
80
1c
08
50
40
41
10
80
00
04
28
0a
04
0c
03
00
00
02
04
20
10
00
08
21
88
91
00
00
00
00
00
a0
00
0a
00
10
00
01
80
40
40
79
00
20
05
01
80
0c
40
49
82
05
04
94
04
08
08
60
40
11
91
a4
11
00
4a
11
a4
08
03
18
40
21
04
08
08
04
c2
56
ce
04
4b
65
30
80
04
23
02
02
01
82
08
18
4d
80
20
50
b4
02
10
42
1e
d0
20
22
24
00
01
03
01
08
08
68
00
08
56
05
06
c0
00
00
80
20
81
00
09
80
82
00
00
01
00
10
a0
00
20
00
10
d0
08
c4
40
c0
21
05
02
48
20
81
00
04
a0
06
01
00
e0
02
02
83
00
20
10
98
31
04
06
a8
02
38
21
40
08
31
40
04
80
e2
01
fa
0a
68
08
15
c4
10
41
88
80
e0
0e
c2
04
00
04
00
00
10
b2
08
01
00
0a
00
01
08
01
06
80
04
08
ea
ca
2a
08
18
18
0b
08
00
00
40
40
60
f5
30
87
0c
08
02
90
02
61
8a
05
10
00
84
55
02
86
48
a0
00
02
64
00
80
40
04
3e
c0
c1
24
03
9e
00
10
80
42
40
34
00
00
05
50
04
28
00
20
08
05
48
82
81
00
04
15
68
01
a1
54
0b
40
60
10
c0
15
02
e1
00
00
40
01
48
c6
2b
20
4c
75
81
10
07
10
00
18
01
01
00
23
00
40
80
54
38
a0
04
80
22
d0
83
00
00
08
20
45
40
10
48
80
09
40
60
24
c1
02
02
02
08
04
59
00
44
42
48
99
40
19
a0
40
9e
90
90
10
a2
80
a0
00
08
89
e1
28
64
b4
18
70
29
24
01
50
04
00
20
6a
11
85
04
12
2b
28
20
04
40
40
28
8b
80
80
d1
24
00
00
4b
0a
c0
02
01
80
01
f0
12
04
48
30
24
0c
00
04
4a
66
50
21
c0
88
80
20
00
04
04
08
a8
44
00
08
c1
00
41
02
10
10
60
02
19
ec
c0
47
11
24
49
0b
80
09
00
84
0a
28
20
44
90
80
a2
10
a0
da
31
34
a4
64
08
84
44
00
58
2b
10
02
01
01
00
b2
3b
32
88
08
a2
2c
24
01
24
08
00
02
01
45
40
04
18
00
00
11
2c
00
10
20
39
94
74
0c
34
21
30
30
12
ac
00
20
08
12
20
00
00
94
40
ac
52
00
02
20
40
45
25
06
00
00
00
00
00
02
39
3b
44
84
18
0a
0e
22
00
50
10
50
80
00
20
00
8e
82
38
c0
01
40
00
08
88
40
a0
91
cb
02
00
1a
20
0d
a4
00
b2
a4
00
10
54
80
01
10
00
14
45
18
01
80
93
00
81
41
00
72
20
40
76
90
68
02
08
b2
0c
02
08
1d
00
01
40
80
00
21
00
d0
04
0c
42
00
84
20
40
49
0c
02
04
f8
08
40
80
01
00
38
12
00
88
00
20
00
80
40
20
00
26
06
44
22
00
86
a8
1c
51
50
80
1d
30
54
02
b9
02
44
02
11
41
40
04
a2
01
48
08
40
12
40
48
a0
00
56
10
00
00
80
10
00
48
87
41
01
00
54
b0
00
04
24
32
12
08
c2
07
1c
