38
c1
05
00
00
00
00
00
a0
48
6a
20
3c
7f
00
00
30
ad
6b
20
3c
7f
00
00
40
80
b0
1b
3c
7f
00
00
50
80
b0
1b
3c
7f
00
00
60
80
b0
1b
3c
7f
00
00
70
80
b0
1b
3c
7f
00
00
80
80
b0
1b
3c
7f
00
00
90
80
b0
1b
3c
7f
00
00
a0
80
b0
1b
3c
7f
00
00
b0
80
b0
1b
3c
7f
00
00
c0
80
b0
1b
3c
7f
00
00
d0
80
b0
1b
3c
7f
00
00
e0
80
b0
1b
3c
7f
00
00
f0
80
b0
1b
3c
7f
00
00
00
81
b0
1b
3c
7f
00
00
10
81
b0
1b
3c
7f
00
00
20
81
b0
1b
3c
7f
00
00
30
81
b0
1b
3c
7f
00
00
40
81
b0
1b
3c
7f
00
00
50
81
b0
1b
3c
7f
00
00
60
81
b0
1b
3c
7f
00
00
70
81
b0
1b
3c
7f
00
00
80
81
b0
1b
3c
7f
00
00
90
81
b0
1b
3c
7f
00
00
a0
81
b0
1b
3c
7f
00
00
b0
81
b0
1b
3c
7f
00
00
c0
81
b0
1b
3c
7f
00
00
d0
81
b0
1b
3c
7f
00
00
e0
81
b0
1b
3c
7f
00
00
f0
81
b0
1b
3c
7f
00
00
00
82
b0
1b
3c
7f
00
00
10
82
b0
1b
3c
7f
00
00
20
82
b0
1b
3c
7f
00
00
30
82
b0
1b
3c
7f
00
00
40
82
b0
1b
3c
7f
00
00
50
82
b0
1b
3c
7f
00
00
60
82
b0
1b
3c
7f
00
00
70
82
b0
1b
3c
7f
00
00
80
82
b0
1b
3c
7f
00
00
90
82
b0
1b
3c
7f
00
00
a0
82
b0
1b
3c
7f
00
00
b0
82
b0
1b
3c
7f
00
00
c0
82
b0
1b
3c
7f
00
00
d0
82
b0
1b
3c
7f
00
00
e0
82
b0
1b
3c
7f
00
00
f0
82
b0
1b
3c
7f
00
00
00
83
b0
1b
3c
7f
00
00
10
83
b0
1b
3c
7f
00
00
20
83
b0
1b
3c
7f
00
00
30
83
b0
1b
3c
7f
00
00
40
83
b0
1b
3c
7f
00
00
50
83
b0
1b
3c
7f
00
00
60
83
b0
1b
3c
7f
00
00
70
83
b0
1b
3c
7f
00
00
80
83
b0
1b
3c
7f
00
00
90
83
b0
1b
3c
7f
00
00
a0
83
b0
1b
3c
7f
00
00
b0
83
b0
1b
3c
7f
00
00
c0
83
b0
1b
3c
7f
00
00
d0
83
b0
1b
3c
7f
00
00
e0
83
b0
1b
3c
7f
00
00
f0
83
b0
1b
3c
7f
00
00
00
84
b0
1b
3c
7f
00
00
10
84
b0
1b
3c
7f
00
00
20
84
b0
1b
3c
7f
00
00
30
84
b0
1b
3c
7f
00
00
40
84
b0
1b
3c
7f
00
00
50
84
b0
1b
3c
7f
00
00
60
84
b0
1b
3c
7f
00
00
70
84
b0
1b
3c
7f
00
00
80
84
b0
1b
3c
7f
00
00
90
84
b0
1b
3c
7f
00
00
a0
84
b0
1b
3c
7f
00
00
b0
84
b0
1b
3c
7f
00
00
c0
84
b0
1b
3c
7f
00
00
d0
84
b0
1b
3c
7f
00
00
e0
84
b0
1b
3c
7f
00
00
f0
84
b0
1b
3c
7f
00
00
00
85
b0
1b
3c
7f
00
00
10
85
b0
1b
3c
7f
00
00
20
85
b0
1b
3c
7f
00
00
00
00
00
00
00
00
00
00
00
00
00
00
00
00
00
00
a0
d2
b5
1b
3c
7f
00
00
30
d2
b2
1b
3c
7f
00
00
80
02
da
1b
3c
7f
00
00
c0
48
e5
1b
3c
7f
00
00
00
00
01
00
ff
ff
10
00
00
00
ff
ff
00
00
00
00
00
00
00
00
00
00
00
00
00
00
00
00
00
00
00
00
46
44
b4
1b
3c
7f
00
00
01
00
00
00
00
00
00
00
c8
d2
b5
1b
3c
7f
00
00
01
00
00
00
00
00
00
00
c0
d2
b5
1b
3c
7f
00
00
01
00
00
00
00
00
00
00
40
d2
b2
1b
3c
7f
00
00
00
00
00
00
00
00
00
00
00
00
00
00
00
00
00
00
00
00
00
00
00
00
00
00
00
00
00
00
00
00
00
00
00
00
00
00
00
00
00
00
00
00
00
00
00
00
00
00
00
00
00
00
00
00
00
00
00
00
00
00
00
00
00
00
00
00
00
00
00
00
00
00
00
00
00
00
00
00
00
00
00
00
00
00
00
00
00
00
67
6e
75
2e
62
75
69
6c
64
2d
69
64
00
2e
67
6e
75
2e
68
61
73
68
00
2e
64
79
6e
73
79
6d
00
2e
64
79
6e
73
74
72
00
2e
67
6e
75
2e
76
65
72
73
69
6f
6e
00
2e
67
6e
75
2e
76
65
72
73
69
6f
6e
5f
72
00
2e
72
65
6c
61
2e
64
79
6e
00
2e
72
65
6c
61
2e
70
6c
74
00
2e
69
6e
69
74
00
2e
70
6c
74
2e
67
6f
74
00
2e
70
6c
74
2e
73
65
63
00
2e
74
65
78
74
00
2e
66
69
6e
69
00
2e
72
6f
64
61
74
61
00
2e
65
68
5f
66
72
61
6d
65
5f
68
64
72
00
2e
65
68
5f
66
72
61
6d
65
00
2e
67
63
63
5f
65
78
63
65
70
74
5f
74
61
62
6c
65
00
2e
74
62
73
73
00
2e
63
74
6f
72
73
00
2e
64
74
6f
72
73
00
2e
64
61
74
61
2e
72
65
6c
2e
72
6f
00
2e
64
79
6e
61
6d
69
63
00
2e
67
6f
74
2e
70
6c
74
00
2e
64
61
74
61
00
2e
62
73
73
00
2e
67
6e
75
5f
64
65
62
75
67
6c
69
6e
6b
00
00
00
00
00
00
00
00
00
00
00
00
00
00
00
00
00
00
00
00
00
00
00
00
00
00
00
00
00
00
00
00
00
00
00
00
00
00
00
00
00
00
00
00
00
00
00
00
00
00
00
00
00
00
00
00
00
00
00
00
00
00
00
00
00
00
00
00
00
00
00
0b
00
00
00
07
00
00
00
02
00
00
00
00
00
00
00
e0
02
00
00
00
00
00
00
e0
02
00
00
00
00
00
00
20
00
00
00
00
00
00
00
00
00
00
00
00
00
00
00
08
00
00
00
00
00
00
00
00
00
00
00
00
00
00
00
1e
00
00
00
07
00
00
00
02
00
00
00
00
00
00
00
00
03
00
00
00
00
00
00
00
03
00
00
00
00
00
00
24
00
00
00
00
00
00
00
00
00
00
00
00
00
00
00
04
00
00
00
00
00
00
00
00
00
00
00
00
00
00
00
31
00
00
00
f6
ff
ff
6f
02
00
00
00
00
00
00
00
28
03
00
00
00
00
00
00
28
03
00
00
00
00
00
00
bc
02
00
00
00
00
00
00
04
00
00
00
00
00
00
00
08
00
00
00
00
00
00
00
00
00
00
00
00
00
00
00
3b
00
00
00
0b
00
00
00
02
00
00
00
00
00
00
00
e8
05
00
00
00
00
00
00
e8
05
00
00
00
00
00
00
88
11
00
00
00
00
00
00
05
00
00
00
01
00
00
00
08
00
00
00
00
00
00
00
18
00
00
00
00
00
00
00
43
00
00
00
03
00
00
00
02
00
00
00
00
00
00
00
70
17
00
00
00
00
00
00
70
17
00
00
00
00
00
00
e1
1c
00
00
00
00
00
00
00
00
00
00
00
00
00
00
01
00
00
00
00
00
00
00
00
00
00
00
00
00
00
00
4b
00
00
00
ff
ff
ff
6f
02
00
00
00
00
00
00
00
52
34
00
00
00
00
00
00
52
34
00
00
00
00
00
00
76
01
00
00
00
00
00
00
04
00
00
00
00
00
00
00
02
00
00
00
00
00
00
00
02
00
00
00
00
00
00
00
58
00
00
00
fe
ff
ff
6f
02
00
00
00
00
00
00
00
c8
35
00
00
00
00
00
00
c8
35
00
00
00
00
00
00
60
01
00
00
00
00
00
00
05
00
00
00
04
00
00
00
08
00
00
00
00
00
00
00
00
00
00
00
00
00
00
00
67
00
00
00
04
00
00
00
02
00
00
00
00
00
00
00
28
37
00
00
00
00
00
00
28
37
00
00
00
00
00
00
78
3f
00
00
00
00
00
00
04
00
00
00
00
00
00
00
08
00
00
00
00
00
00
00
18
00
00
00
00
00
00
00
71
00
00
00
04
00
00
00
42
00
00
00
00
00
00
00
a0
76
00
00
00
00
00
00
a0
76
00
00
00
00
00
00
68
07
00
00
00
00
00
00
04
00
00
00
1a
00
00
00
08
00
00
00
00
00
00
00
18
00
00
00
00
00
00
00
7b
00
00
00
01
00
00
00
06
00
00
00
00
00
00
00
00
80
00
00
00
00
00
00
00
80
00
00
00
00
00
00
25
00
00
00
00
00
00
00
00
00
00
00
00
00
00
00
04
00
00
00
00
00
00
00
00
00
00
00
00
00
00
00
76
00
00
00
01
00
00
00
06
00
00
00
00
00
00
00
30
80
00
00
00
00
00
00
30
80
00
00
00
00
00
00
00
05
00
00
00
00
00
00
00
00
00
00
00
00
00
00
10
00
00
00
00
00
00
00
10
00
00
00
00
00
00
00
81
00
00
00
01
00
00
00
06
00
00
00
00
00
00
00
30
85
00
00
00
00
00
00
30
85
00
00
00
00
00
00
20
00
00
00
00
00
00
00
00
00
00
00
00
00
00
00
10
00
00
00
00
00
00
00
10
00
00
00
00
00
00
00
8a
00
00
00
01
00
00
00
06
00
00
00
00
00
00
00
50
85
00
00
00
00
00
00
50
85
00
00
00
00
00
00
f0
04
00
00
00
00
00
00
00
00
00
00
00
00
00
00
10
00
00
00
00
00
00
00
10
00
00
00
00
00
00
00
93
00
00
00
01
00
00
00
06
00
00
00
00
00
00
00
40
8a
00
00
00
00
00
00
40
8a
00
00
00
00
00
00
21
aa
03
00
00
00
00
00
00
00
00
00
00
00
00
00
10
00
00
00
00
00
00
00
00
00
00
00
00
00
00
00
99
00
00
00
01
00
00
00
06
00
00
00
00
00
00
00
64
34
04
00
00
00
00
00
64
34
04
00
00
00
00
00
12
00
00
00
00
00
00
00
00
00
00
00
00
00
00
00
04
00
00
00
00
00
00
00
00
00
00
00
00
00
00
00
9f
00
00
00
01
00
00
00
02
00
00
00
00
00
00
00
00
40
04
00
00
00
00
00
00
40
04
00
00
00
00
00
60
b4
00
00
00
00
00
00
00
00
00
00
00
00
00
00
20
00
00
00
00
00
00
00
00
00
00
00
00
00
00
00
a7
00
00
00
01
00
00
00
02
00
00
00
00
00
00
00
60
f4
04
00
00
00
00
00
60
f4
04
00
00
00
00
00
8c
0e
00
00
00
00
00
00
00
00
00
00
00
00
00
00
04
00
00
00
00
00
00
00
00
00
00
00
00
00
00
00
b5
00
00
00
01
00
00
00
02
00
00
00
00
00
00
00
f0
02
05
00
00
00
00
00
f0
02
05
00
00
00
00
00
e8
63
00
00
00
00
00
00
00
00
00
00
00
00
00
00
08
00
00
00
00
00
00
00
00
00
00
00
00
00
00
00
bf
00
00
00
01
00
00
00
02
00
00
00
00
00
00
00
d8
66
05
00
00
00
00
00
d8
66
05
00
00
00
00
00
4f
19
00
00
00
00
00
00
00
00
00
00
00
00
00
00
04
00
00
00
00
00
00
00
00
00
00
00
00
00
00
00
d1
00
00
00
08
00
00
00
03
04
00
00
00
00
00
00
00
90
05
00
00
00
00
00
00
90
05
00
00
00
00
00
08
00
00
00
00
00
00
00
00
00
00
00
00
00
00
00
08
00
00
00
00
00
00
00
00
00
00
00
00
00
00
00
d7
00
00
00
01
00
00
00
03
00
00
00
00
00
00
00
00
90
05
00
00
00
00
00
00
90
05
00
00
00
00
00
10
00
00
00
00
00
00
00
00
00
00
00
00
00
00
00
08
00
00
00
00
00
00
00
00
00
00
00
00
00
00
00
de
00
00
00
01
00
00
00
03
00
00
00
00
00
00
00
10
90
05
00
00
00
00
00
10
90
05
00
00
00
00
00
10
00
00
00
00
00
00
00
00
00
00
00
00
00
00
00
08
00
00
00
00
00
00
00
00
00
00
00
00
00
00
00
e5
00
00
00
01
00
00
00
03
00
00
00
00
00
00
00
20
90
05
00
00
00
00
00
20
90
05
00
00
00
00
00
18
31
00
00
00
00
00
00
00
00
00
00
00
00
00
00
20
00
00
00
00
00
00
00
00
00
00
00
00
00
00
00
f2
00
00
00
06
00
00
00
03
00
00
00
00
00
00
00
38
c1
05
00
00
00
00
00
38
c1
05
00
00
00
00
00
c0
01
00
00
00
00
00
00
05
00
00
00
00
00
00
00
08
00
00
00
00
00
00
00
10
00
00
00
00
00
00
00
85
00
00
00
01
00
00
00
03
00
00
00
00
00
00
00
f8
c2
05
00
00
00
00
00
f8
c2
05
00
00
00
00
00
90
00
00
00
00
00
00
00
00
00
00
00
00
00
00
00
08
00
00
00
00
00
00
00
08
00
00
00
00
00
00
00
fb
00
00
00
01
00
00
00
03
00
00
00
00
00
00
00
00
d0
05
00
00
00
00
00
00
d0
05
00
00
00
00
00
90
02
00
00
00
00
00
00
00
00
00
00
00
00
00
00
08
00
00
00
00
00
00
00
08
00
00
00
00
00
00
00
04
01
00
00
01
00
00
00
03
00
00
00
00
00
00
00
a0
d2
05
00
00
00
00
00
a0
d2
05
00
00
00
00
00
78
00
00
00
00
00
00
00
00
00
00
00
00
00
00
00
20
00
00
00
00
00
00
00
00
00
00
00
00
00
00
00
0a
01
00
00
08
00
00
00
03
00
00
00
00
00
00
00
18
d3
05
00
00
00
00
00
18
d3
05
00
00
00
00
00
58
00
00
00
00
00
00
00
00
00
00
00
00
00
00
00
08
00
00
00
00
00
00
00
00
00
00
00
00
00
00
00
0f
01
00
00
01
00
00
00
00
00
00
00
00
00
00
00
00
00
00
00
00
00
00
00
18
d3
05
00
00
00
00
00
34
00
00
00
00
00
00
00
00
00
00
00
00
00
00
00
04
00
00
00
00
00
00
00
00
00
00
00
00
00
00
00
01
00
00
00
03
00
00
00
00
00
00
00
00
00
00
00
00
00
00
00
00
00
00
00
4c
d3
05
00
00
00
00
00
1e
01
00
00
00
00
00
00
00
00
00
00
00
00
00
00
01
00
00
00
00
00
00
00
00
00
00
00
00
00
00
00
00
00
00
00
00
00
00
00
00
00
00
00
00
00
00
00
00
00
00
00
00
00
00
00
00
00
00
00
00
00
00
00
00
00
00
00
00
00
00
00
00
00
00
00
00
00
00
00
00
00
00
00
00
00
00
00
00
00
00
00
00
00
00
00
00
00
00
00
00
00
00
00
00
00
00
00
00
00
00
00
00
00
00
00
00
00
00
00
00
00
00
00
00
00
00
00
00
00
00
00
00
00
00
00
00
00
00
00
00
00
00
00
00
00
00
00
00
00
00
00
00
00
00
00
00
00
00
00
00
00
00
00
00
00
00
00
00
00
00
00
00
00
00
00
00
00
00
00
00
00
00
00
00
00
00
00
00
00
00
00
00
00
00
00
00
00
00
00
00
00
00
00
00
00
00
00
00
00
00
00
00
00
00
00
00
00
00
00
00
00
00
00
00
00
00
00
00
00
00
00
00
00
00
00
00
00
00
00
00
00
00
00
00
00
00
00
00
00
00
00
00
00
00
00
00
00
00
00
00
00
00
00
00
00
00
00
00
00
00
00
00
00
00
00
00
00
00
00
00
00
00
00
00
00
00
00
00
00
00
00
00
00
00
00
00
00
00
00
00
00
00
00
00
00
00
00
00
00
00
00
00
00
00
00
00
00
00
00
00
00
00
00
00
00
00
00
00
00
00
00
00
00
00
00
00
00
00
00
00
00
00
00
00
00
00
00
00
00
00
00
00
00
00
00
00
00
00
00
00
00
00
00
00
00
00
00
00
00
00
00
00
00
00
00
00
00
00
00
00
00
00
00
00
00
00
00
00
00
00
00
00
00
00
00
00
00
00
00
00
00
00
00
00
00
00
00
00
00
00
00
00
00
00
00
00
00
00
00
00
00
00
00
00
00
00
00
00
00
00
00
00
00
00
00
00
00
00
00
00
00
00
00
00
00
00
00
00
00
00
00
00
00
00
00
00
00
00
00
00
00
00
00
00
00
00
00
00
00
00
00
00
00
00
00
00
00
00
00
00
00
00
00
00
00
00
00
00
00
00
00
00
00
00
00
00
00
00
00
00
00
00
00
00
00
00
00
00
00
00
00
00
00
00
00
00
00
00
00
00
00
00
00
00
00
00
00
00
00
00
00
00
00
00
00
00
00
00
00
00
00
00
00
00
00
00
00
00
00
00
00
00
00
00
00
00
00
00
00
00
00
00
00
00
00
00
00
00
00
00
00
00
00
00
00
00
00
00
00
00
00
00
00
00
00
00
00
00
00
00
00
00
00
00
00
00
00
00
00
00
00
00
00
00
00
00
00
00
00
00
00
00
00
00
00
00
00
00
00
00
00
00
00
00
00
00
00
00
00
00
00
00
00
00
00
00
00
00
00
00
00
00
00
00
00
00
00
00
00
00
00
00
00
00
00
00
00
00
00
00
00
00
00
00
00
00
00
00
00
00
00
00
00
00
00
00
00
00
00
00
00
00
00
00
00
00
00
00
00
00
00
00
00
00
00
00
00
00
00
00
00
00
00
00
00
00
00
00
00
00
00
00
00
00
00
00
00
00
00
00
00
00
00
00
00
00
00
00
00
00
00
00
00
00
00
00
00
00
00
00
00
00
00
00
00
00
00
00
00
00
00
00
00
00
00
00
00
00
00
00
00
00
00
00
00
00
00
00
00
00
00
00
00
00
00
00
00
00
00
00
00
00
00
00
00
00
00
00
00
00
00
00
00
00
00
00
00
00
00
00
00
00
00
00
00
00
00
00
00
00
00
00
00
00
00
00
00
00
00
00
00
00
00
00
00
00
00
00
00
00
00
00
00
00
00
00
00
00
00
00
00
00
00
00
00
00
00
00
00
00
00
00
00
00
00
00
00
00
00
00
00
00
00
00
00
00
00
00
00
00
00
00
00
00
00
00
00
00
00
00
00
00
00
00
00
00
00
00
00
00
00
00
00
00
00
00
00
00
00
00
00
00
00
00
00
00
00
00
00
00
00
00
00
00
00
00
00
00
00
00
00
00
00
00
00
00
00
00
00
00
00
00
00
00
00
00
00
00
00
00
00
00
00
00
00
00
00
00
00
00
00
00
00
00
00
00
00
00
00
00
00
00
00
00
00
00
00
00
00
00
00
00
00
00
00
00
00
00
00
00
00
00
00
00
00
00
00
00
00
00
00
00
00
00
00
00
00
00
00
00
00
00
00
00
00
00
00
