c0
fd
08
00
00
00
00
00
20
e5
af
1b
3c
7f
00
00
30
ad
6b
20
3c
7f
00
00
30
80
a1
1b
3c
7f
00
00
40
80
a1
1b
3c
7f
00
00
50
80
a1
1b
3c
7f
00
00
60
80
a1
1b
3c
7f
00
00
70
80
a1
1b
3c
7f
00
00
80
80
a1
1b
3c
7f
00
00
90
80
a1
1b
3c
7f
00
00
a0
80
a1
1b
3c
7f
00
00
b0
80
a1
1b
3c
7f
00
00
c0
80
a1
1b
3c
7f
00
00
68
70
aa
1b
3c
7f
00
00
00
00
00
00
00
00
00
00
31
34
63
33
37
66
64
32
65
65
64
64
31
62
37
30
34
38
37
32
65
30
33
38
32
31
66
64
36
35
2e
64
65
62
75
67
00
00
00
00
3c
71
65
c2
00
2e
73
68
73
74
72
74
61
62
00
2e
6e
6f
74
65
2e
67
6e
75
2e
70
72
6f
70
65
72
74
79
00
2e
6e
6f
74
65
2e
67
6e
75
2e
62
75
69
6c
64
2d
69
64
00
2e
67
6e
75
2e
68
61
73
68
00
2e
64
79
6e
73
79
6d
00
2e
64
79
6e
73
74
72
00
2e
67
6e
75
2e
76
65
72
73
69
6f
6e
00
2e
67
6e
75
2e
76
65
72
73
69
6f
6e
5f
72
00
2e
72
65
6c
61
2e
64
79
6e
00
2e
72
65
6c
61
2e
70
6c
74
00
2e
69
6e
69
74
00
2e
70
6c
74
2e
67
6f
74
00
2e
70
6c
74
2e
73
65
63
00
2e
74
65
78
74
00
2e
66
69
6e
69
00
2e
72
6f
64
61
74
61
00
2e
65
68
5f
66
72
61
6d
65
5f
68
64
72
00
2e
65
68
5f
66
72
61
6d
65
00
2e
69
6e
69
74
5f
61
72
72
61
79
00
2e
66
69
6e
69
5f
61
72
72
61
79
00
2e
64
79
6e
61
6d
69
63
00
2e
67
6f
74
2e
70
6c
74
00
2e
64
61
74
61
00
2e
62
73
73
00
2e
67
6e
75
5f
64
65
62
75
67
6c
69
6e
6b
00
00
00
00
00
00
00
00
00
00
00
00
00
00
00
00
00
00
00
00
00
00
00
00
00
00
00
00
00
00
00
00
00
00
00
00
00
00
00
00
00
00
00
00
00
00
00
00
00
00
00
00
00
00
00
00
00
00
00
00
00
00
00
00
00
00
0b
00
00
00
07
00
00
00
02
00
00
00
00
00
00
00
a8
02
00
00
00
00
00
00
a8
02
00
00
00
00
00
00
20
00
00
00
00
00
00
00
00
00
00
00
00
00
00
00
08
00
00
00
00
00
00
00
00
00
00
00
00
00
00
00
1e
00
00
00
07
00
00
00
02
00
00
00
00
00
00
00
c8
02
00
00
00
00
00
00
c8
02
00
00
00
00
00
00
24
00
00
00
00
00
00
00
00
00
00
00
00
00
00
00
04
00
00
00
00
00
00
00
00
00
00
00
00
00
00
00
31
00
00
00
f6
ff
ff
6f
02
00
00
00
00
00
00
00
f0
02
00
00
00
00
00
00
f0
02
00
00
00
00
00
00
4c
00
00
00
00
00
00
00
04
00
00
00
00
00
00
00
08
00
00
00
00
00
00
00
00
00
00
00
00
00
00
00
3b
00
00
00
0b
00
00
00
02
00
00
00
00
00
00
00
40
03
00
00
00
00
00
00
40
03
00
00
00
00
00
00
b8
02
00
00
00
00
00
00
05
00
00
00
01
00
00
00
08
00
00
00
00
00
00
00
18
00
00
00
00
00
00
00
43
00
00
00
03
00
00
00
02
00
00
00
00
00
00
00
f8
05
00
00
00
00
00
00
f8
05
00
00
00
00
00
00
d2
02
00
00
00
00
00
00
00
00
00
00
00
00
00
00
01
00
00
00
00
00
00
00
00
00
00
00
00
00
00
00
4b
00
00
00
ff
ff
ff
6f
02
00
00
00
00
00
00
00
ca
08
00
00
00
00
00
00
ca
08
00
00
00
00
00
00
3a
00
00
00
00
00
00
00
04
00
00
00
00
00
00
00
02
00
00
00
00
00
00
00
02
00
00
00
00
00
00
00
58
00
00
00
fe
ff
ff
6f
02
00
00
00
00
00
00
00
08
09
00
00
00
00
00
00
08
09
00
00
00
00
00
00
70
00
00
00
00
00
00
00
05
00
00
00
02
00
00
00
08
00
00
00
00
00
00
00
00
00
00
00
00
00
00
00
67
00
00
00
04
00
00
00
02
00
00
00
00
00
00
00
78
09
00
00
00
00
00
00
78
09
00
00
00
00
00
00
08
01
00
00
00
00
00
00
04
00
00
00
00
00
00
00
08
00
00
00
00
00
00
00
18
00
00
00
00
00
00
00
71
00
00
00
04
00
00
00
42
00
00
00
00
00
00
00
80
0a
00
00
00
00
00
00
80
0a
00
00
00
00
00
00
f0
00
00
00
00
00
00
00
04
00
00
00
17
00
00
00
08
00
00
00
00
00
00
00
18
00
00
00
00
00
00
00
7b
00
00
00
01
00
00
00
06
00
00
00
00
00
00
00
00
10
00
00
00
00
00
00
00
10
00
00
00
00
00
00
1b
00
00
00
00
00
00
00
00
00
00
00
00
00
00
00
04
00
00
00
00
00
00
00
00
00
00
00
00
00
00
00
76
00
00
00
01
00
00
00
06
00
00
00
00
00
00
00
20
10
00
00
00
00
00
00
20
10
00
00
00
00
00
00
b0
00
00
00
00
00
00
00
00
00
00
00
00
00
00
00
10
00
00
00
00
00
00
00
10
00
00
00
00
00
00
00
81
00
00
00
01
00
00
00
06
00
00
00
00
00
00
00
d0
10
00
00
00
00
00
00
d0
10
00
00
00
00
00
00
20
00
00
00
00
00
00
00
00
00
00
00
00
00
00
00
10
00
00
00
00
00
00
00
10
00
00
00
00
00
00
00
8a
00
00
00
01
00
00
00
06
00
00
00
00
00
00
00
f0
10
00
00
00
00
00
00
f0
10
00
00
00
00
00
00
a0
00
00
00
00
00
00
00
00
00
00
00
00
00
00
00
10
00
00
00
00
00
00
00
10
00
00
00
00
00
00
00
93
00
00
00
01
00
00
00
06
00
00
00
00
00
00
00
90
11
00
00
00
00
00
00
90
11
00
00
00
00
00
00
57
bf
03
00
00
00
00
00
00
00
00
00
00
00
00
00
10
00
00
00
00
00
00
00
00
00
00
00
00
00
00
00
99
00
00
00
01
00
00
00
06
00
00
00
00
00
00
00
e8
d0
03
00
00
00
00
00
e8
d0
03
00
00
00
00
00
0d
00
00
00
00
00
00
00
00
00
00
00
00
00
00
00
04
00
00
00
00
00
00
00
00
00
00
00
00
00
00
00
9f
00
00
00
01
00
00
00
02
00
00
00
00
00
00
00
00
e0
03
00
00
00
00
00
00
e0
03
00
00
00
00
00
e0
d8
04
00
00
00
00
00
00
00
00
00
00
00
00
00
20
00
00
00
00
00
00
00
00
00
00
00
00
00
00
00
a7
00
00
00
01
00
00
00
02
00
00
00
00
00
00
00
e0
b8
08
00
00
00
00
00
e0
b8
08
00
00
00
00
00
3c
04
00
00
00
00
00
00
00
00
00
00
00
00
00
00
04
00
00
00
00
00
00
00
00
00
00
00
00
00
00
00
b5
00
00
00
01
00
00
00
02
00
00
00
00
00
00
00
20
bd
08
00
00
00
00
00
20
bd
08
00
00
00
00
00
08
2b
00
00
00
00
00
00
00
00
00
00
00
00
00
00
08
00
00
00
00
00
00
00
00
00
00
00
00
00
00
00
bf
00
00
00
0e
00
00
00
03
00
00
00
00
00
00
00
b0
fd
08
00
00
00
00
00
b0
ed
08
00
00
00
00
00
08
00
00
00
00
00
00
00
00
00
00
00
00
00
00
00
08
00
00
00
00
00
00
00
08
00
00
00
00
00
00
00
cb
00
00
00
0f
00
00
00
03
00
00
00
00
00
00
00
b8
fd
08
00
00
00
00
00
b8
ed
08
00
00
00
00
00
08
00
00
00
00
00
00
00
00
00
00
00
00
00
00
00
08
00
00
00
00
00
00
00
08
00
00
00
00
00
00
00
d7
00
00
00
06
00
00
00
03
00
00
00
00
00
00
00
c0
fd
08
00
00
00
00
00
c0
ed
08
00
00
00
00
00
00
02
00
00
00
00
00
00
05
00
00
00
00
00
00
00
08
00
00
00
00
00
00
00
10
00
00
00
00
00
00
00
85
00
00
00
01
00
00
00
03
00
00
00
00
00
00
00
c0
ff
08
00
00
00
00
00
c0
ef
08
00
00
00
00
00
40
00
00
00
00
00
00
00
00
00
00
00
00
00
00
00
08
00
00
00
00
00
00
00
08
00
00
00
00
00
00
00
e0
00
00
00
01
00
00
00
03
00
00
00
00
00
00
00
00
00
09
00
00
00
00
00
00
f0
08
00
00
00
00
00
68
00
00
00
00
00
00
00
00
00
00
00
00
00
00
00
08
00
00
00
00
00
00
00
08
00
00
00
00
00
00
00
e9
00
00
00
01
00
00
00
03
00
00
00
00
00
00
00
68
00
09
00
00
00
00
00
68
f0
08
00
00
00
00
00
08
00
00
00
00
00
00
00
00
00
00
00
00
00
00
00
08
00
00
00
00
00
00
00
00
00
00
00
00
00
00
00
ef
00
00
00
08
00
00
00
03
00
00
00
00
00
00
00
70
00
09
00
00
00
00
00
70
f0
08
00
00
00
00
00
08
00
00
00
00
00
00
00
00
00
00
00
00
00
00
00
01
00
00
00
00
00
00
00
00
00
00
00
00
00
00
00
f4
00
00
00
01
00
00
00
00
00
00
00
00
00
00
00
00
00
00
00
00
00
00
00
70
f0
08
00
00
00
00
00
34
00
00
00
00
00
00
00
00
00
00
00
00
00
00
00
04
00
00
00
00
00
00
00
00
00
00
00
00
00
00
00
01
00
00
00
03
00
00
00
00
00
00
00
00
00
00
00
00
00
00
00
00
00
00
00
a4
f0
08
00
00
00
00
00
03
01
00
00
00
00
00
00
00
00
00
00
00
00
00
00
01
00
00
00
00
00
00
00
00
00
00
00
00
00
00
00
00
00
00
00
00
00
00
00
00
00
00
00
00
00
00
00
00
00
00
00
00
00
00
00
00
00
00
00
00
00
00
00
00
00
00
00
00
00
00
00
00
00
00
00
00
00
00
00
00
00
00
00
00
00
00
00
00
00
00
00
00
00
00
00
00
00
00
00
00
00
00
00
00
00
00
00
00
00
00
00
00
00
00
00
00
00
00
00
00
00
00
00
00
00
00
00
00
00
00
00
00
00
00
00
00
00
00
00
00
00
00
00
00
00
00
00
00
00
00
00
00
00
00
00
00
00
00
00
00
00
00
00
00
00
00
00
00
00
00
00
00
00
00
00
00
00
00
00
00
00
00
00
00
00
00
00
00
00
00
00
00
00
00
00
00
00
00
00
00
00
00
00
00
00
00
00
00
00
00
00
00
00
00
00
00
00
00
00
00
00
00
00
00
00
00
00
00
00
00
00
00
00
00
00
00
00
00
00
00
00
00
00
00
00
00
00
00
00
00
00
00
00
00
00
00
00
00
00
00
00
00
00
00
00
00
00
00
00
00
00
00
00
00
00
00
00
00
00
00
00
00
00
00
00
00
00
00
00
00
00
00
00
00
00
00
00
00
00
00
00
00
00
00
00
00
00
00
00
00
00
00
00
00
00
00
00
00
00
00
00
00
00
00
00
00
00
00
00
00
00
00
00
00
00
00
00
00
00
00
00
00
00
00
00
00
00
00
00
00
00
00
00
00
00
00
00
00
00
00
00
00
00
00
00
00
00
00
00
00
00
00
00
00
00
00
00
00
00
00
00
00
00
00
00
00
00
00
00
00
00
00
00
00
00
00
00
00
00
00
00
00
00
00
00
00
00
00
00
00
00
00
00
00
00
00
00
00
00
00
00
00
00
00
00
00
00
00
00
00
00
00
00
00
00
00
00
00
00
00
00
00
00
00
00
00
00
00
00
00
00
00
00
00
00
00
00
00
00
00
00
00
00
00
00
00
00
00
00
00
00
00
00
00
00
00
00
00
00
00
00
00
00
00
00
00
00
00
00
00
00
00
00
00
00
00
00
00
00
00
00
00
00
00
00
00
00
00
00
00
00
00
00
00
00
00
00
00
00
00
00
00
00
00
00
00
00
00
00
00
00
00
00
00
00
00
00
00
00
00
00
00
00
00
00
00
00
00
00
00
00
00
00
00
00
00
00
00
00
00
00
00
00
00
00
00
00
00
00
00
00
00
00
00
00
00
00
00
00
00
00
00
00
00
00
00
00
00
00
00
00
00
00
00
00
00
00
00
00
00
00
00
00
00
00
00
00
00
00
00
00
00
00
00
00
00
00
00
00
00
00
00
00
00
00
00
00
00
00
00
00
00
00
00
00
00
00
00
00
00
00
00
00
00
00
00
00
00
00
00
00
00
00
00
00
00
00
00
00
00
00
00
00
00
00
00
00
00
00
00
00
00
00
00
00
00
00
00
00
00
00
00
00
00
00
00
00
00
00
00
00
00
00
00
00
00
00
00
00
00
00
00
00
00
00
00
00
00
00
00
00
00
00
00
00
00
00
00
00
00
00
00
00
00
00
00
00
00
00
00
00
00
00
00
00
00
00
00
00
00
00
00
00
00
00
00
00
00
00
00
00
00
00
00
00
00
00
00
00
00
00
00
00
00
00
00
00
00
00
00
00
00
00
00
00
00
00
00
00
00
00
00
00
00
00
00
00
00
00
00
00
00
00
00
00
00
00
00
00
00
00
00
00
00
00
00
00
00
00
00
00
00
00
00
00
00
00
00
00
00
00
00
00
00
00
00
00
00
00
00
00
00
00
00
00
00
00
00
00
00
00
00
00
00
00
00
00
00
00
00
00
00
00
00
00
00
00
00
00
00
00
00
00
00
00
00
00
00
00
00
00
00
00
00
00
00
00
00
00
00
00
00
00
00
00
00
00
00
00
00
00
00
00
00
00
00
00
00
00
00
00
00
00
00
00
00
00
00
00
00
00
00
00
00
00
00
00
00
00
00
00
00
00
00
00
00
00
00
00
00
00
00
00
00
00
00
00
00
00
00
00
00
00
00
00
00
00
00
00
00
00
00
00
00
00
00
00
00
00
00
00
00
00
00
00
00
00
00
00
00
00
00
00
00
00
00
00
00
00
00
00
00
00
00
00
00
00
00
00
00
00
00
00
00
00
00
00
00
00
00
00
00
00
00
00
00
00
00
00
00
00
00
00
00
00
00
00
00
00
00
00
00
00
00
00
00
00
00
00
00
00
00
00
00
00
00
00
00
00
00
00
00
00
00
00
00
00
00
00
00
00
00
00
00
00
00
00
00
00
00
00
00
00
00
00
00
00
00
00
00
00
00
00
00
00
00
00
00
00
00
00
00
00
00
00
00
00
00
00
00
00
00
00
00
00
00
00
00
00
00
00
00
00
00
00
00
00
00
00
00
00
00
00
00
00
00
00
00
00
00
00
00
00
00
00
00
00
00
00
00
00
00
00
00
00
00
00
00
00
00
00
00
00
00
00
00
00
00
00
00
00
00
00
00
00
00
00
00
00
00
00
00
00
00
00
00
00
00
00
00
00
00
00
00
00
00
00
00
00
00
00
00
00
00
00
00
00
00
00
00
00
00
00
00
00
00
00
00
00
00
00
00
00
00
00
00
00
00
00
00
00
00
00
00
00
00
00
00
00
00
00
00
00
00
00
00
00
00
00
00
00
00
00
00
00
00
00
00
00
00
00
00
00
00
00
00
00
00
00
00
00
00
00
00
00
00
00
00
00
00
00
00
00
00
00
00
00
00
00
00
00
00
00
00
00
00
00
00
00
00
00
00
00
00
00
00
00
00
00
00
00
00
00
00
00
00
00
00
00
00
00
00
00
00
00
00
00
00
00
00
00
00
00
00
00
00
00
00
00
00
00
00
00
00
00
00
00
00
00
00
00
00
00
00
00
00
00
00
00
00
00
00
00
00
00
00
00
00
00
00
00
00
00
00
00
00
00
00
00
00
00
00
00
00
00
00
00
00
00
00
00
00
00
00
00
00
00
00
00
00
00
00
00
00
00
00
00
00
00
00
00
00
00
00
00
00
00
00
00
00
00
00
00
00
00
00
00
00
00
00
00
00
00
00
00
00
00
00
00
00
00
00
00
00
00
00
00
00
00
00
00
00
00
00
00
00
00
00
00
00
00
00
00
00
00
00
00
00
00
00
00
00
00
00
00
00
00
00
00
00
00
00
00
00
00
00
00
00
00
00
00
00
00
00
00
00
00
00
00
00
00
00
00
00
00
00
00
00
00
00
00
00
00
00
00
00
00
00
00
00
00
00
00
00
00
00
00
00
00
00
00
00
00
00
00
00
00
00
00
00
00
00
00
00
00
00
00
00
00
00
00
00
00
00
00
00
00
00
00
00
00
00
00
00
00
00
00
00
00
00
00
00
00
00
00
00
00
00
00
00
00
00
00
00
00
00
00
00
00
00
00
00
00
00
00
00
00
00
00
00
00
00
00
00
00
00
00
00
00
00
00
00
00
00
00
00
00
00
00
00
00
00
00
00
00
00
00
00
00
00
00
00
00
00
00
00
00
00
00
00
00
00
00
00
00
00
00
00
00
00
00
00
00
00
00
00
00
00
00
00
00
00
00
00
00
00
00
00
00
00
00
00
00
00
00
00
00
00
00
00
00
00
00
00
00
00
00
00
00
00
00
00
00
00
00
00
00
00
00
00
00
00
00
00
00
00
00
00
00
00
00
00
00
00
00
00
00
00
00
00
00
00
00
00
00
00
00
00
00
00
00
00
00
00
00
00
00
00
00
00
00
00
00
00
00
00
00
00
00
00
00
00
00
00
00
00
00
00
00
00
00
00
00
00
00
00
00
00
00
00
00
00
00
00
00
00
00
00
00
00
00
00
00
00
00
00
00
00
00
00
00
00
00
00
00
00
00
00
00
00
00
00
00
00
00
00
00
00
00
00
00
00
00
00
00
00
00
00
00
00
00
00
00
00
00
00
00
00
00
00
00
00
00
00
00
00
00
00
00
00
00
00
00
00
00
00
00
00
00
00
00
00
00
00
00
00
00
00
00
00
00
00
00
00
00
00
00
00
00
00
00
00
00
00
00
00
00
00
00
00
00
00
00
00
00
00
00
00
00
00
00
00
00
00
00
00
00
00
00
00
00
00
00
00
00
00
00
00
00
00
00
00
00
00
00
00
00
00
00
00
00
00
00
00
00
00
00
00
00
00
00
