00
00
00
00
00
00
00
00
00
00
00
00
00
00
00
00
00
00
00
00
00
00
00
00
00
00
00
00
00
00
00
00
00
00
00
00
00
00
00
00
00
00
00
00
00
00
00
00
00
00
00
00
00
00
00
00
00
00
00
00
00
00
00
00
00
00
00
00
00
00
00
00
00
00
00
00
00
00
00
00
00
00
00
00
00
00
00
00
00
00
00
00
00
00
00
00
00
00
00
00
00
00
00
00
08
00
00
00
00
00
00
00
e8
ff
fc
1b
3c
7f
00
00
a0
1d
fd
1b
3c
7f
00
00
c0
00
fd
1b
3c
7f
00
00
00
00
00
00
00
00
00
00
40
f9
fc
1b
3c
7f
00
00
20
11
fd
1b
3c
7f
00
00
b0
10
fd
1b
3c
7f
00
00
c0
10
fd
1b
3c
7f
00
00
00
00
00
00
00
00
00
00
00
00
00
00
00
00
00
00
d0
a3
fc
1b
3c
7f
00
00
f8
a3
fc
1b
3c
7f
00
00
06
00
00
00
00
00
00
00
00
00
00
00
00
00
00
00
02
10
00
00
00
00
00
00
00
00
00
00
00
00
00
00
00
00
00
00
00
00
00
00
00
00
00
00
00
00
00
00
00
00
00
00
00
00
00
00
00
00
00
00
00
00
00
00
00
00
00
00
00
00
00
00
00
00
00
00
00
00
00
00
00
00
00
00
00
00
00
00
00
00
00
00
00
00
00
00
00
00
00
00
00
00
00
00
00
00
00
00
00
00
00
00
00
00
00
00
00
00
00
00
00
00
00
00
00
00
00
00
00
00
00
00
00
00
00
00
00
00
00
00
00
00
00
00
00
00
00
00
00
00
00
00
00
00
00
00
00
00
00
00
00
00
00
00
00
00
00
00
00
00
00
00
00
00
00
00
00
00
00
00
00
00
00
00
08
00
00
00
00
00
00
00
08
01
fd
1b
3c
7f
00
00
a0
1d
fd
1b
3c
7f
00
00
00
00
00
00
00
00
00
00
00
00
00
00
00
00
00
00
00
fa
fc
1b
3c
7f
00
00
20
11
fd
1b
3c
7f
00
00
b0
10
fd
1b
3c
7f
00
00
c0
10
fd
1b
3c
7f
00
00
00
00
00
00
00
00
00
00
00
00
00
00
00
00
00
00
30
99
fc
1b
3c
7f
00
00
00
00
00
00
00
00
00
00
58
99
fc
1b
3c
7f
00
00
06
00
00
00
00
00
00
00
00
00
00
00
00
00
00
00
02
10
00
00
00
00
00
00
00
00
00
00
00
00
00
00
00
00
00
00
00
00
00
00
00
00
00
00
00
00
00
00
00
00
00
00
00
00
00
00
00
00
00
00
00
00
00
00
00
00
00
00
00
00
00
00
00
00
00
00
00
00
00
00
00
00
00
00
00
00
00
00
00
00
00
00
00
00
00
00
00
00
00
00
00
00
00
00
00
00
00
00
00
00
00
00
00
00
00
00
00
00
00
00
00
00
00
00
00
00
00
00
00
00
00
00
00
00
00
00
00
00
00
00
00
00
00
00
00
00
00
00
00
00
00
00
00
00
00
00
00
00
00
00
00
00
00
00
00
00
00
00
00
00
00
00
00
00
00
00
00
00
00
00
00
00
00
00
08
00
00
00
00
00
00
00
30
02
fd
1b
3c
7f
00
00
a0
1d
fd
1b
3c
7f
00
00
c0
00
fd
1b
3c
7f
00
00
00
00
00
00
00
00
00
00
a0
f9
fc
1b
3c
7f
00
00
20
11
fd
1b
3c
7f
00
00
b0
10
fd
1b
3c
7f
00
00
c0
10
fd
1b
3c
7f
00
00
00
00
00
00
00
00
00
00
70
a3
fc
1b
3c
7f
00
00
98
a3
fc
1b
3c
7f
00
00
06
00
00
00
00
00
00
00
00
00
00
00
00
00
00
00
02
10
00
00
00
00
00
00
00
00
00
00
00
00
00
00
00
00
00
00
00
00
00
00
00
00
00
00
00
00
00
00
00
00
00
00
00
00
00
00
00
00
00
00
00
00
00
00
00
00
00
00
00
00
00
00
00
00
00
00
00
00
00
00
00
00
00
00
00
00
00
00
00
00
00
00
00
00
00
00
00
00
00
00
00
00
00
00
00
00
00
00
00
00
00
00
00
00
00
00
00
00
00
00
00
00
00
00
00
00
00
00
00
00
00
00
00
00
00
00
00
00
00
00
00
00
00
00
00
00
00
00
00
00
00
00
00
00
00
00
00
00
00
00
00
00
00
00
00
00
00
00
00
00
00
00
00
00
00
00
00
00
00
00
00
00
00
00
08
00
00
00
00
00
00
00
48
03
fd
1b
3c
7f
00
00
a0
1d
fd
1b
3c
7f
00
00
00
00
00
00
00
00
00
00
00
00
00
00
00
00
00
00
60
fd
fc
1b
3c
7f
00
00
c0
17
fd
1b
3c
7f
00
00
50
17
fd
1b
3c
7f
00
00
60
17
fd
1b
3c
7f
00
00
00
00
00
00
00
00
00
00
00
00
00
00
00
00
00
00
00
00
00
00
00
00
00
00
00
00
00
00
00
00
00
00
00
00
00
00
00
00
00
00
00
00
00
00
00
00
00
00
00
00
00
00
00
00
00
00
00
00
00
00
00
00
00
00
00
00
00
00
00
00
00
00
00
00
00
00
00
00
00
00
00
00
00
00
00
00
00
00
00
00
00
00
00
00
00
00
00
00
00
00
00
00
00
00
00
00
00
00
00
00
00
00
00
00
00
00
00
00
00
00
00
00
00
00
00
00
00
00
00
00
00
00
00
00
00
00
00
00
00
00
00
00
00
00
00
00
00
00
00
00
00
00
00
00
00
00
00
00
00
00
00
00
00
00
00
00
00
00
00
00
00
00
00
00
00
00
00
00
00
00
00
00
00
00
00
00
00
00
00
00
00
00
00
00
00
00
00
00
00
00
00
00
00
00
00
00
00
00
00
00
00
00
00
00
00
00
00
00
00
00
00
00
00
00
00
00
00
00
00
00
00
00
00
00
00
00
00
00
00
00
00
00
00
00
00
00
00
00
00
00
00
00
00
00
00
00
00
00
00
00
00
00
00
00
00
00
00
00
00
00
00
00
00
00
00
00
00
00
00
00
00
00
00
00
00
00
00
00
00
00
00
00
00
00
00
00
00
00
00
00
00
00
00
00
00
00
00
00
00
00
00
00
00
00
00
00
00
00
00
00
00
00
00
00
00
00
00
00
00
00
00
00
00
00
00
00
00
00
00
00
00
00
00
00
00
00
00
00
00
00
00
00
00
00
00
00
00
00
00
00
00
00
00
00
00
00
00
00
00
00
00
00
00
00
00
00
00
00
00
00
00
00
00
00
00
00
00
00
00
00
00
00
00
00
00
00
00
00
00
00
00
00
00
00
00
00
00
00
00
00
00
00
00
00
00
00
00
00
00
00
00
00
00
00
00
00
00
00
00
00
00
00
00
00
00
00
00
00
00
00
00
00
00
00
00
00
00
00
00
00
00
00
00
00
00
00
00
00
00
00
00
00
00
00
00
00
00
00
00
00
00
00
00
00
00
00
00
00
00
00
00
00
00
00
00
00
00
00
00
00
00
00
00
00
00
00
00
00
00
00
00
00
00
00
00
00
00
00
00
00
00
00
00
00
00
00
00
00
00
00
00
00
00
00
00
00
00
00
00
00
00
00
00
00
00
00
00
00
00
00
00
00
00
00
00
00
00
00
00
00
00
00
00
00
00
00
00
00
00
00
00
00
00
00
00
00
00
00
00
00
00
00
00
00
00
00
00
00
00
00
00
00
00
00
00
00
00
00
00
00
00
00
d0
98
fc
1b
3c
7f
00
00
00
00
00
00
00
00
00
00
f8
98
fc
1b
3c
7f
00
00
06
00
00
00
00
00
00
00
00
00
00
00
00
00
00
00
02
10
00
00
00
00
00
00
00
00
00
00
00
00
00
00
00
00
00
00
00
00
00
00
00
00
00
00
00
00
00
00
00
00
00
00
00
00
00
00
00
00
00
00
00
00
00
00
00
00
00
00
00
00
00
00
00
00
00
00
00
00
00
00
00
00
00
00
00
00
00
00
00
00
00
00
00
00
00
00
00
00
00
00
00
00
00
00
00
00
00
00
00
00
00
00
00
00
00
00
00
00
00
00
00
00
00
00
00
00
00
00
00
00
00
00
00
00
00
00
00
00
00
00
00
00
00
00
00
00
00
00
00
00
00
00
00
00
00
00
00
00
00
00
00
00
00
00
00
00
00
00
00
00
00
00
00
00
00
00
00
00
00
00
00
00
00
00
08
00
00
00
00
00
00
00
b0
06
fd
1b
3c
7f
00
00
a0
1d
fd
1b
3c
7f
00
00
40
30
b5
72
c3
55
00
00
00
00
00
00
00
00
00
00
c0
fd
fc
1b
3c
7f
00
00
c0
17
fd
1b
3c
7f
00
00
50
17
fd
1b
3c
7f
00
00
60
17
fd
1b
3c
7f
00
00
30
00
00
00
02
00
00
00
a0
79
d7
1b
3c
7f
00
00
02
00
00
00
00
00
00
00
a0
1d
fd
1b
3c
7f
00
00
a0
1d
fd
1b
3c
7f
00
00
00
00
00
00
00
00
00
00
00
00
00
00
00
00
00
00
00
00
00
00
00
00
00
00
00
00
00
00
00
00
00
00
00
00
00
00
00
00
00
00
00
00
00
00
00
00
00
00
00
00
00
00
00
00
00
00
00
00
00
00
00
00
00
00
00
00
00
00
00
00
00
00
00
00
00
00
00
00
00
00
00
00
00
00
00
00
00
00
00
00
00
00
00
00
00
00
f8
b2
fc
1b
3c
7f
00
00
01
00
00
00
00
00
00
00
48
49
f5
1b
3c
7f
00
00
48
49
f5
1b
3c
7f
00
00
70
49
f5
1b
3c
7f
00
00
70
49
f5
1b
3c
7f
00
00
e0
44
f5
1b
3c
7f
00
00
e0
44
f5
1b
3c
7f
00
00
48
47
f5
1b
3c
7f
00
00
54
47
f5
1b
3c
7f
00
00
98
49
f5
1b
3c
7f
00
00
60
47
f5
1b
3c
7f
00
00
7c
47
f5
1b
3c
7f
00
00
c8
49
f5
1b
3c
7f
00
00
e8
49
f5
1b
3c
7f
00
00
10
4a
f5
1b
3c
7f
00
00
98
47
f5
1b
3c
7f
00
00
38
4a
f5
1b
3c
7f
00
00
b4
47
f5
1b
3c
7f
00
00
c4
47
f5
1b
3c
7f
00
00
d4
47
f5
1b
3c
7f
00
00
e4
47
f5
1b
3c
7f
00
00
f4
47
f5
1b
3c
7f
00
00
04
48
f5
1b
3c
7f
00
00
14
48
f5
1b
3c
7f
00
00
60
4a
f5
1b
3c
7f
00
00
80
4a
f5
1b
3c
7f
00
00
24
48
f5
1b
3c
7f
00
00
3c
48
f5
1b
3c
7f
00
00
38
47
f5
1b
3c
7f
00
00
54
48
f5
1b
3c
7f
00
00
68
48
f5
1b
3c
7f
00
00
7c
48
f5
1b
3c
7f
00
00
a8
4a
f5
1b
3c
7f
00
00
d0
4a
f5
1b
3c
7f
00
00
f0
4a
f5
1b
3c
7f
00
00
18
4b
f5
1b
3c
7f
00
00
98
48
f5
1b
3c
7f
00
00
a8
48
f5
1b
3c
7f
00
00
b8
48
f5
1b
3c
7f
00
00
c8
48
f5
1b
3c
7f
00
00
38
47
f5
1b
3c
7f
00
00
d8
48
f5
1b
3c
7f
00
00
e8
48
f5
1b
3c
7f
00
00
f8
48
f5
1b
3c
7f
00
00
08
49
f5
1b
3c
7f
00
00
18
49
f5
1b
3c
7f
00
00
28
49
f5
1b
3c
7f
00
00
38
49
f5
1b
3c
7f
00
00
00
00
00
00
00
00
00
00
00
00
00
00
00
00
00
00
00
00
00
00
00
00
00
00
b8
58
fc
1b
3c
7f
00
00
01
00
00
00
00
00
00
00
c6
27
f5
1b
3c
7f
00
00
00
00
00
00
00
00
00
00
00
00
00
00
2e
00
00
00
2c
00
00
00
00
00
00
00
e0
44
f5
1b
3c
7f
00
00
00
00
00
00
00
00
00
00
e0
44
f5
1b
3c
7f
00
00
00
00
00
00
00
00
00
00
e0
44
f5
1b
3c
7f
00
00
00
00
00
00
00
00
00
00
00
00
00
00
02
03
00
04
02
03
00
04
2d
00
00
00
30
00
00
00
31
00
00
00
32
00
00
00
33
00
00
00
34
00
00
00
35
00
00
00
36
00
00
00
37
00
00
00
38
00
00
00
39
00
00
00
00
00
00
00
00
00
00
00
98
58
fc
1b
3c
7f
00
00
01
00
00
00
00
00
00
00
c6
27
f5
1b
3c
7f
00
00
00
00
00
00
00
00
00
00
00
00
00
00
2e
00
00
00
2c
00
00
00
00
00
00
00
e0
44
f5
1b
3c
7f
00
00
00
00
00
00
00
00
00
00
e0
44
f5
1b
3c
7f
00
00
00
00
00
00
00
00
00
00
e0
44
f5
1b
3c
7f
00
00
00
00
00
00
00
00
00
00
00
00
00
00
02
03
00
04
02
03
00
04
2d
00
00
00
30
00
00
00
31
00
00
00
32
00
00
00
33
00
00
00
34
00
00
00
35
00
00
00
36
00
00
00
37
00
00
00
38
00
00
00
39
00
00
00
00
00
00
00
00
00
00
00
28
59
fc
1b
3c
7f
00
00
01
00
00
00
00
00
00
00
c6
27
f5
1b
3c
7f
00
00
00
00
00
00
00
00
00
00
00
00
00
00
00
00
00
00
9c
45
f5
1b
3c
7f
00
00
04
00
00
00
00
00
00
00
b0
45
f5
1b
3c
7f
00
00
05
00
00
00
00
00
00
00
2e
00
00
00
2c
00
00
00
2d
00
00
00
2b
00
00
00
78
00
00
00
58
00
00
00
30
00
00
00
31
00
00
00
32
00
00
00
33
00
00
00
34
00
00
00
35
00
00
00
36
00
00
00
37
00
00
00
38
00
00
00
39
00
00
00
61
00
00
00
62
00
00
00
63
00
00
00
64
00
00
00
65
00
00
00
66
00
00
00
30
00
00
00
31
00
00
00
32
00
00
00
33
00
00
00
34
00
00
00
35
00
00
00
36
00
00
00
37
00
00
00
38
00
00
00
39
00
00
00
41
00
00
00
42
00
00
00
43
00
00
00
44
00
00
00
45
00
00
00
46
00
00
00
2d
00
00
00
2b
00
00
00
78
00
00
00
58
00
00
00
30
00
00
00
31
00
00
00
32
00
00
00
33
00
00
00
34
00
00
00
35
00
00
00
36
00
00
00
37
00
00
00
38
00
00
00
39
00
00
00
61
00
00
00
62
00
00
00
63
00
00
00
64
00
00
00
65
00
00
00
66
00
00
00
41
00
00
00
42
00
00
00
43
00
00
00
44
00
00
00
45
00
00
00
46
00
00
00
00
00
00
00
00
00
00
00
00
00
00
00
00
00
00
00
00
00
00
00
00
00
00
00
38
9e
fc
1b
3c
7f
00
00
01
00
00
00
00
00
00
00
3e
46
f5
1b
3c
7f
00
00
3e
46
f5
1b
3c
7f
00
00
47
46
f5
1b
3c
7f
00
00
47
46
f5
1b
3c
7f
00
00
c6
27
f5
1b
3c
7f
00
00
c6
27
f5
1b
3c
7f
00
00
50
46
f5
1b
3c
7f
00
00
53
46
f5
1b
3c
7f
00
00
56
46
f5
1b
3c
7f
00
00
62
46
f5
1b
3c
7f
00
00
69
46
f5
1b
3c
7f
00
00
70
46
f5
1b
3c
7f
00
00
78
46
f5
1b
3c
7f
00
00
82
46
f5
1b
3c
7f
00
00
8b
46
f5
1b
3c
7f
00
00
92
46
f5
1b
3c
7f
00
00
9b
46
f5
1b
3c
7f
00
00
9f
46
f5
1b
3c
7f
00
00
a3
46
f5
1b
3c
7f
00
00
a7
46
f5
1b
3c
7f
00
00
ab
46
f5
1b
3c
7f
00
00
af
46
f5
1b
3c
7f
00
00
b3
46
f5
1b
3c
7f
00
00
b7
46
f5
1b
3c
7f
00
00
bf
46
f5
1b
3c
7f
00
00
c8
46
f5
1b
3c
7f
00
00
ce
46
f5
1b
3c
7f
00
00
3a
46
f5
1b
3c
7f
00
00
d4
46
f5
1b
3c
7f
00
00
d9
46
f5
1b
3c
7f
00
00
de
46
f5
1b
3c
7f
00
00
e5
46
f5
1b
3c
7f
00
00
ef
46
f5
1b
3c
7f
00
00
f7
46
f5
1b
3c
7f
00
00
00
47
f5
1b
3c
7f
00
00
09
47
f5
1b
3c
7f
00
00
0d
47
f5
1b
3c
7f
00
00
11
47
f5
1b
3c
7f
00
00
15
47
f5
1b
3c
7f
00
00
3a
46
f5
1b
3c
7f
00
00
19
47
f5
1b
3c
7f
00
00
1d
47
f5
1b
3c
7f
00
00
21
47
f5
1b
3c
7f
00
00
25
47
f5
1b
3c
7f
00
00
29
47
f5
1b
3c
7f
00
00
2d
47
f5
1b
3c
7f
00
00
31
47
f5
1b
3c
7f
00
00
00
00
00
00
00
00
00
00
00
00
00
00
00
00
00
00
00
00
00
00
00
00
00
00
78
58
fc
1b
3c
7f
00
00
01
00
00
00
00
00
00
00
c6
27
f5
1b
3c
7f
00
00
00
00
00
00
00
00
00
00
00
2e
2c
00
00
00
00
00
c6
27
f5
1b
3c
7f
00
00
00
00
00
00
00
00
00
00
c6
27
f5
1b
3c
7f
00
00
00
00
00
00
00
00
00
00
c6
27
f5
1b
3c
7f
00
00
00
00
00
00
00
00
00
00
00
00
00
00
02
03
00
04
02
03
00
04
2d
30
31
32
33
34
35
36
37
38
39
00
00
00
00
00
00
00
00
00
00
00
00
00
00
00
00
00
58
58
fc
1b
3c
7f
00
00
01
00
00
00
00
00
00
00
c6
27
f5
1b
3c
7f
00
00
00
00
00
00
00
00
00
00
00
2e
2c
00
00
00
00
00
c6
27
f5
1b
3c
7f
00
00
00
00
00
00
00
00
00
00
c6
27
f5
1b
3c
7f
00
00
00
00
00
00
00
00
00
00
c6
27
f5
1b
3c
7f
00
00
00
00
00
00
00
00
00
00
00
00
00
00
02
03
00
04
02
03
00
04
2d
30
31
32
33
34
35
36
37
38
39
00
00
00
00
00
00
00
00
00
00
00
00
00
00
00
00
00
08
59
fc
1b
3c
7f
00
00
01
00
00
00
00
00
00
00
c6
27
f5
1b
3c
7f
00
00
00
00
00
00
00
00
00
00
00
00
00
00
00
00
00
00
bb
31
f5
1b
3c
7f
00
00
04
00
00
00
00
00
00
00
b5
31
f5
1b
3c
7f
00
00
05
00
00
00
00
00
00
00
2e
2c
2d
2b
78
58
30
31
32
33
34
35
36
37
38
39
61
62
63
64
65
66
30
31
32
33
34
35
36
37
38
39
41
42
43
44
45
46
2d
2b
78
58
30
31
32
33
34
35
36
37
38
39
61
62
63
64
65
66
41
42
43
44
45
46
00
00
00
00
00
00
00
00
d8
5d
fc
1b
3c
7f
00
00
02
00
00
00
00
00
00
00
80
5d
fc
1b
3c
7f
00
00
02
00
00
00
00
00
00
00
28
5d
fc
1b
3c
7f
00
00
02
00
00
00
00
00
00
00
d0
5c
fc
1b
3c
7f
00
00
02
00
00
00
00
00
00
00
00
00
00
00
00
00
00
00
00
00
00
00
00
00
00
00
b8
87
fc
1b
3c
7f
00
00
02
00
00
00
00
00
00
00
a0
79
d7
1b
3c
7f
00
00
82
41
f5
1b
3c
7f
00
00
20
b6
fc
1b
3c
7f
00
00
02
00
00
00
00
00
00
00
20
89
fc
1b
3c
7f
00
00
02
00
00
00
00
00
00
00
18
b3
fc
1b
3c
7f
00
00
02
00
00
00
00
00
00
00
00
08
fd
1b
3c
7f
00
00
a0
79
d7
1b
3c
7f
00
00
82
41
f5
1b
3c
7f
00
00
00
00
00
00
00
00
00
00
f0
88
fc
1b
3c
7f
00
00
02
00
00
00
00
00
00
00
c0
88
fc
1b
3c
7f
00
00
02
00
00
00
00
00
00
00
50
87
fc
1b
3c
7f
00
00
02
00
00
00
00
00
00
00
a0
09
fd
1b
3c
7f
00
00
00
00
00
00
00
00
00
00
e8
86
fc
1b
3c
7f
00
00
02
00
00
00
00
00
00
00
40
0a
fd
1b
3c
7f
00
00
00
00
00
00
00
00
00
00
d0
4d
fc
1b
3c
7f
00
00
02
00
00
00
00
00
00
00
a0
79
d7
1b
3c
7f
00
00
00
00
00
00
00
00
00
00
98
b2
fc
1b
3c
7f
00
00
02
00
00
00
00
00
00
00
20
b2
fc
1b
3c
7f
00
00
02
00
00
00
00
00
00
00
58
86
fc
1b
3c
7f
00
00
02
00
00
00
00
00
00
00
e0
0a
fd
1b
3c
7f
00
00
00
00
00
00
00
00
00
00
e8
85
fc
1b
3c
7f
00
00
02
00
00
00
00
00
00
00
a0
79
d7
1b
3c
7f
00
00
00
00
00
00
00
00
00
00
00
00
00
00
00
00
00
00
00
00
00
00
00
00
00
00
20
62
fc
1b
3c
7f
00
00
02
00
00
00
00
00
00
00
a0
79
d7
1b
3c
7f
00
00
01
00
01
02
03
04
05
06
07
08
09
0a
0b
0c
0d
0e
0f
10
11
12
13
14
15
16
17
18
19
1a
1b
1c
1d
1e
1f
20
21
22
23
24
25
26
27
28
29
2a
2b
2c
2d
2e
2f
30
31
32
33
34
35
36
37
38
39
3a
3b
3c
3d
3e
3f
40
41
42
43
44
45
46
47
48
49
4a
4b
4c
4d
4e
4f
50
51
52
53
54
55
56
57
58
59
5a
5b
5c
5d
5e
5f
60
61
62
63
64
65
66
67
68
69
6a
6b
6c
6d
6e
6f
70
71
72
73
74
75
76
77
78
79
7a
7b
7c
7d
7e
7f
00
00
00
00
00
00
00
01
00
00
00
02
00
00
00
03
00
00
00
04
00
00
00
05
00
00
00
06
00
00
00
07
00
00
00
08
00
00
00
09
00
00
00
0a
00
00
00
0b
00
00
00
0c
00
00
00
0d
00
00
00
0e
00
00
00
0f
00
00
00
10
00
00
00
11
00
00
00
12
00
00
00
13
00
00
00
14
00
00
00
15
00
00
00
16
00
00
00
17
00
00
00
18
00
00
00
19
00
00
00
1a
00
00
00
1b
00
00
00
1c
00
00
00
1d
00
00
00
1e
00
00
00
1f
00
00
00
20
00
00
00
21
00
00
00
22
00
00
00
23
00
00
00
24
00
00
00
25
00
00
00
26
00
00
00
27
00
00
00
28
00
00
00
29
00
00
00
2a
00
00
00
2b
00
00
00
2c
00
00
00
2d
00
00
00
2e
00
00
00
2f
00
00
00
30
00
00
00
31
00
00
00
32
00
00
00
33
00
00
00
34
00
00
00
35
00
00
00
36
00
00
00
37
00
00
00
38
00
00
00
39
00
00
00
3a
00
00
00
3b
00
00
00
3c
00
00
00
3d
00
00
00
3e
00
00
00
3f
00
00
00
40
00
00
00
41
00
00
00
42
00
00
00
43
00
00
00
44
00
00
00
45
00
00
00
46
00
00
00
47
00
00
00
48
00
00
00
49
00
00
00
4a
00
00
00
4b
00
00
00
4c
00
00
00
4d
00
00
00
4e
00
00
00
4f
00
00
00
50
00
00
00
51
00
00
00
52
00
00
00
53
00
00
00
54
00
00
00
55
00
00
00
56
00
00
00
57
00
00
00
58
00
00
00
59
00
00
00
5a
00
00
00
5b
00
00
00
5c
00
00
00
5d
00
00
00
5e
00
00
00
5f
00
00
00
60
00
00
00
61
00
00
00
62
00
00
00
63
00
00
00
64
00
00
00
65
00
00
00
66
00
00
00
67
00
00
00
68
00
00
00
69
00
00
00
6a
00
00
00
6b
00
00
00
6c
00
00
00
6d
00
00
00
6e
00
00
00
6f
00
00
00
70
00
00
00
71
00
00
00
72
00
00
00
73
00
00
00
74
00
00
00
75
00
00
00
76
00
00
00
77
00
00
00
78
00
00
00
79
00
00
00
7a
00
00
00
7b
00
00
00
7c
00
00
00
7d
00
00
00
7e
00
00
00
7f
00
00
00
ff
ff
ff
ff
ff
ff
ff
ff
ff
ff
ff
ff
ff
ff
ff
ff
ff
ff
ff
ff
ff
ff
ff
ff
ff
ff
ff
ff
ff
ff
ff
ff
ff
ff
ff
ff
ff
ff
ff
ff
ff
ff
ff
ff
ff
ff
ff
ff
ff
ff
ff
ff
ff
ff
ff
ff
ff
ff
ff
ff
ff
ff
ff
ff
ff
ff
ff
ff
ff
ff
ff
ff
ff
ff
ff
ff
ff
ff
ff
ff
ff
ff
ff
ff
ff
ff
ff
ff
ff
ff
ff
ff
ff
ff
ff
ff
ff
ff
ff
ff
ff
ff
ff
ff
ff
ff
ff
ff
ff
ff
ff
ff
ff
ff
ff
ff
ff
ff
ff
ff
ff
ff
ff
ff
ff
ff
ff
ff
ff
ff
ff
ff
ff
ff
ff
ff
ff
ff
ff
ff
ff
ff
ff
ff
ff
ff
ff
ff
ff
ff
ff
ff
ff
ff
ff
ff
ff
ff
ff
ff
ff
ff
ff
ff
ff
ff
ff
ff
ff
ff
ff
ff
ff
ff
ff
ff
ff
ff
ff
ff
ff
ff
ff
ff
ff
ff
ff
ff
ff
ff
ff
ff
ff
ff
ff
ff
ff
ff
ff
ff
ff
ff
ff
ff
ff
ff
ff
ff
ff
ff
ff
ff
ff
ff
ff
ff
ff
ff
ff
ff
ff
ff
ff
ff
ff
ff
ff
ff
ff
ff
ff
ff
ff
ff
ff
ff
ff
ff
ff
ff
ff
ff
ff
ff
ff
ff
ff
ff
ff
ff
ff
ff
ff
ff
ff
ff
ff
ff
ff
ff
ff
ff
ff
ff
ff
ff
ff
ff
ff
ff
ff
ff
ff
ff
ff
ff
ff
ff
ff
ff
ff
ff
ff
ff
ff
ff
ff
ff
ff
ff
ff
ff
ff
ff
ff
ff
ff
ff
ff
ff
ff
ff
ff
ff
ff
ff
ff
ff
ff
ff
ff
ff
ff
ff
ff
ff
ff
ff
ff
ff
ff
ff
ff
ff
ff
ff
ff
ff
ff
ff
ff
ff
ff
ff
ff
ff
ff
ff
ff
ff
ff
ff
ff
ff
ff
ff
ff
ff
ff
ff
ff
ff
ff
ff
ff
ff
ff
ff
ff
ff
ff
ff
ff
ff
ff
ff
ff
ff
ff
ff
ff
ff
ff
ff
ff
ff
ff
ff
ff
ff
ff
ff
ff
ff
ff
ff
ff
ff
ff
ff
ff
ff
ff
ff
ff
ff
ff
ff
ff
ff
ff
ff
ff
ff
ff
ff
ff
ff
ff
ff
ff
ff
ff
ff
ff
ff
ff
ff
ff
ff
ff
ff
ff
ff
ff
ff
ff
ff
ff
ff
ff
ff
ff
ff
ff
ff
ff
ff
ff
ff
ff
ff
ff
ff
ff
ff
ff
ff
ff
ff
ff
ff
ff
ff
ff
ff
ff
ff
ff
ff
ff
ff
ff
ff
ff
ff
ff
ff
ff
ff
ff
ff
ff
ff
ff
ff
ff
ff
ff
ff
ff
ff
ff
ff
ff
ff
ff
ff
ff
ff
ff
ff
ff
ff
ff
ff
ff
ff
ff
ff
ff
ff
ff
ff
ff
ff
ff
ff
ff
ff
ff
ff
00
01
00
02
00
04
00
08
00
10
00
20
00
40
00
80
01
00
02
00
04
00
08
00
00
00
00
00
00
00
00
00
00
00
00
00
80
c2
d1
1b
3c
7f
00
00
20
c2
d1
1b
3c
7f
00
00
c0
c1
d1
1b
3c
7f
00
00
60
c1
d1
1b
3c
7f
00
00
00
c1
d1
1b
3c
7f
00
00
a0
c0
d1
1b
3c
7f
00
00
40
c0
d1
1b
3c
7f
00
00
00
00
00
00
00
00
00
00
80
bf
d1
1b
3c
7f
00
00
20
bf
d1
1b
3c
7f
00
00
c0
be
d1
1b
3c
7f
00
00
00
00
00
00
00
00
00
00
00
00
00
00
00
00
00
00
00
00
00
00
00
00
00
00
00
00
00
00
00
00
00
00
00
00
00
00
00
00
00
00
c8
81
fc
1b
3c
7f
00
00
02
00
00
00
00
00
00
00
a0
79
d7
1b
3c
7f
00
00
82
41
f5
1b
3c
7f
00
00
60
a1
fc
1b
3c
7f
00
00
02
00
00
00
00
00
00
00
30
83
fc
1b
3c
7f
00
00
02
00
00
00
00
00
00
00
58
9e
fc
1b
3c
7f
00
00
02
00
00
00
00
00
00
00
40
0c
fd
1b
3c
7f
00
00
a0
79
d7
1b
3c
7f
00
00
82
41
f5
1b
3c
7f
00
00
00
00
00
00
00
00
00
00
00
83
fc
1b
3c
7f
00
00
02
00
00
00
00
00
00
00
d0
82
fc
1b
3c
7f
00
00
02
00
00
00
00
00
00
00
60
81
fc
1b
3c
7f
00
00
02
00
00
00
00
00
00
00
e0
0d
fd
1b
3c
7f
00
00
00
00
00
00
00
00
00
00
f8
80
fc
1b
3c
7f
00
00
02
00
00
00
00
00
00
00
60
0e
fd
1b
3c
7f
00
00
00
00
00
00
00
00
00
00
78
4d
fc
1b
3c
7f
00
00
02
00
00
00
00
00
00
00
a0
79
d7
1b
3c
7f
00
00
00
00
00
00
00
00
00
00
d8
9d
fc
1b
3c
7f
00
00
02
00
00
00
00
00
00
00
60
9d
fc
1b
3c
7f
00
00
02
00
00
00
00
00
00
00
68
80
fc
1b
3c
7f
00
00
02
00
00
00
00
00
00
00
e0
0e
fd
1b
3c
7f
00
00
00
00
00
00
00
00
00
00
f8
7f
fc
1b
3c
7f
00
00
02
00
00
00
00
00
00
00
a0
79
d7
1b
3c
7f
00
00
00
00
00
00
00
00
00
00
00
00
00
00
00
00
00
00
00
00
00
00
00
00
00
00
c0
61
fc
1b
3c
7f
00
00
02
00
00
00
00
00
00
00
a0
79
d7
1b
3c
7f
00
00
00
00
00
00
00
00
00
00
c0
ca
d1
1b
3c
7f
00
00
c0
c4
d1
1b
3c
7f
00
00
c0
d3
d1
1b
3c
7f
00
00
01
00
01
02
03
04
05
06
07
08
09
0a
0b
0c
0d
0e
0f
10
11
12
13
14
15
16
17
18
19
1a
1b
1c
1d
1e
1f
20
21
22
23
24
25
26
27
28
29
2a
2b
2c
2d
2e
2f
30
31
32
33
34
35
36
37
38
39
3a
3b
3c
3d
3e
3f
40
41
42
43
44
45
46
47
48
49
4a
4b
4c
4d
4e
4f
50
51
52
53
54
55
56
57
58
59
5a
5b
5c
5d
5e
5f
60
61
62
63
64
65
66
67
68
69
6a
6b
6c
6d
6e
6f
70
71
72
73
74
75
76
77
78
79
7a
7b
7c
7d
7e
7f
80
81
82
83
84
85
86
87
88
89
8a
8b
8c
8d
8e
8f
90
91
92
93
94
95
96
97
98
99
9a
9b
9c
9d
9e
9f
a0
a1
a2
a3
a4
a5
a6
a7
a8
a9
aa
ab
ac
ad
ae
af
b0
b1
b2
b3
b4
b5
b6
b7
b8
b9
ba
bb
bc
bd
be
bf
c0
c1
c2
c3
c4
c5
c6
c7
c8
c9
ca
cb
cc
cd
ce
cf
d0
d1
d2
d3
d4
d5
d6
d7
d8
d9
da
db
dc
dd
de
df
e0
e1
e2
e3
e4
e5
e6
e7
e8
e9
ea
eb
ec
ed
ee
ef
f0
f1
f2
f3
f4
f5
f6
f7
f8
f9
fa
fb
fc
fd
fe
ff
00
00
00
00
00
00
00
00
00
00
00
00
00
00
00
00
00
00
00
00
00
00
00
00
00
00
00
00
00
00
00
00
00
00
00
00
00
00
00
00
00
00
00
00
00
00
00
00
00
00
00
00
00
00
00
00
00
00
00
00
00
00
00
00
00
00
00
00
00
00
00
00
00
00
00
00
00
00
00
00
00
00
00
00
00
00
00
00
00
00
00
00
00
00
00
00
00
00
00
00
00
00
00
00
00
00
00
00
00
00
00
00
00
00
00
00
00
00
00
00
00
00
00
00
00
00
00
00
00
00
00
00
00
00
00
00
00
00
00
00
00
00
00
00
00
00
00
00
00
00
00
00
00
00
00
00
00
00
00
00
00
00
00
00
00
00
00
00
00
00
00
00
00
00
00
00
00
00
00
00
00
00
00
00
00
00
00
00
00
00
00
00
00
00
00
00
00
00
00
00
00
00
00
00
00
00
00
00
00
00
00
00
00
00
00
00
00
00
00
00
00
00
00
00
00
00
00
00
00
00
00
00
00
00
00
00
00
00
00
00
00
00
00
00
00
00
00
00
00
00
00
00
00
00
00
00
00
00
00
00
00
00
00
00
00
00
00
00
00
00
00
00
00
00
00
00
00
00
00
e0
0e
fd
1b
3c
7f
00
00
00
00
00
00
00
00
00
00
00
00
00
00
00
00
00
00
00
00
00
00
00
00
00
00
e0
0d
fd
1b
3c
7f
00
00
60
0e
fd
1b
3c
7f
00
00
00
00
00
00
00
00
00
00
00
00
00
00
00
00
00
00
40
0c
fd
1b
3c
7f
00
00
00
00
00
00
00
00
00
00
00
00
00
00
00
00
00
00
00
00
00
00
00
00
00
00
00
00
00
00
00
00
00
00
00
00
00
00
00
00
00
00
e0
0a
fd
1b
3c
7f
00
00
00
00
00
00
00
00
00
00
00
00
00
00
00
00
00
00
00
00
00
00
00
00
00
00
a0
09
fd
1b
3c
7f
00
00
40
0a
fd
1b
3c
7f
00
00
00
00
00
00
00
00
00
00
00
00
00
00
00
00
00
00
00
08
fd
1b
3c
7f
00
00
00
00
00
00
00
00
00
00
00
00
00
00
00
00
00
00
00
00
00
00
00
00
00
00
00
00
00
00
00
00
00
00
00
00
00
00
00
00
00
00
00
00
00
00
00
00
00
00
00
00
00
00
00
00
00
00
e0
0e
fd
1b
3c
7f
00
00
00
00
00
00
00
00
00
00
e0
0d
fd
1b
3c
7f
00
00
60
0e
fd
1b
3c
7f
00
00
00
00
00
00
00
00
00
00
00
00
00
00
00
00
00
00
00
00
00
00
00
00
00
00
00
00
00
00
00
00
00
00
e0
0a
fd
1b
3c
7f
00
00
00
00
00
00
00
00
00
00
a0
09
fd
1b
3c
7f
00
00
40
0a
fd
1b
3c
7f
00
00
00
00
00
00
00
00
00
00
00
00
00
00
00
00
00
00
00
00
00
00
00
00
00
00
00
00
00
00
00
00
00
00
c0
17
fd
1b
3c
7f
00
00
30
17
fd
1b
3c
7f
00
00
70
17
fd
1b
3c
7f
00
00
60
17
fd
1b
3c
7f
00
00
50
17
fd
1b
3c
7f
00
00
90
17
fd
1b
3c
7f
00
00
f0
16
fd
1b
3c
7f
00
00
10
17
fd
1b
3c
7f
00
00
e0
16
fd
1b
3c
7f
00
00
d0
16
fd
1b
3c
7f
00
00
a0
16
fd
1b
3c
7f
00
00
90
16
fd
1b
3c
7f
00
00
80
16
fd
1b
3c
7f
00
00
60
16
fd
1b
3c
7f
00
00
20
11
fd
1b
3c
7f
00
00
90
10
fd
1b
3c
7f
00
00
d0
10
fd
1b
3c
7f
00
00
c0
10
fd
1b
3c
7f
00
00
b0
10
fd
1b
3c
7f
00
00
f0
10
fd
1b
3c
7f
00
00
50
10
fd
1b
3c
7f
00
00
70
10
fd
1b
3c
7f
00
00
40
10
fd
1b
3c
7f
00
00
30
10
fd
1b
3c
7f
00
00
00
10
fd
1b
3c
7f
00
00
f0
0f
fd
1b
3c
7f
00
00
e0
0f
fd
1b
3c
7f
00
00
c0
0f
fd
1b
3c
7f
00
00
a0
0f
fd
1b
3c
7f
00
00
90
0f
fd
1b
3c
7f
00
00
80
0f
fd
1b
3c
7f
00
00
70
0f
fd
1b
3c
7f
00
00
b0
25
fd
1b
3c
7f
00
00
d0
25
fd
1b
3c
7f
00
00
70
25
fd
1b
3c
7f
00
00
90
25
fd
1b
3c
7f
00
00
60
25
fd
1b
3c
7f
00
00
50
25
fd
1b
3c
7f
00
00
40
25
fd
1b
3c
7f
00
00
20
25
fd
1b
3c
7f
00
00
d0
24
fd
1b
3c
7f
00
00
f0
24
fd
1b
3c
7f
00
00
90
24
fd
1b
3c
7f
00
00
b0
24
fd
1b
3c
7f
00
00
80
24
fd
1b
3c
7f
00
00
70
24
fd
1b
3c
7f
00
00
60
24
fd
1b
3c
7f
00
00
40
24
fd
1b
3c
7f
00
00
43
00
00
00
00
00
00
00
00
00
00
00
00
00
00
00
00
00
00
00
00
00
00
00
00
00
00
00
00
00
00
00
00
1d
fd
1b
3c
7f
00
00
00
00
00
00
00
00
00
00
00
00
00
00
00
00
00
00
00
00
00
00
00
00
00
00
00
00
00
00
00
00
00
00
00
00
00
00
00
00
00
00
00
00
00
00
00
00
00
00
00
00
00
00
00
00
00
00
00
00
00
00
00
00
00
00
00
00
00
00
00
00
00
00
00
00
00
00
00
00
00
00
00
00
00
00
00
00
00
00
a0
1d
fd
1b
3c
7f
00
00
00
00
00
00
00
00
00
00
00
00
00
00
00
00
00
00
00
00
00
00
00
00
00
00
02
00
00
00
00
00
00
00
80
1b
fd
1b
3c
7f
00
00
30
00
00
00
00
00
00
00
00
1a
fd
1b
3c
7f
00
00
20
1d
fd
1b
3c
7f
00
00
00
00
00
00
00
00
00
00
00
00
00
00
00
00
00
00
00
00
00
00
00
00
00
00
00
00
00
00
00
00
00
00
00
00
00
00
00
00
00
00
00
00
00
00
00
00
00
00
00
00
00
00
00
00
00
00
00
00
00
00
00
00
00
00
00
00
00
00
00
00
00
00
00
00
00
00
00
00
00
00
00
00
00
00
00
00
00
00
00
00
00
00
00
00
00
00
00
00
00
00
00
00
00
00
00
00
00
00
00
00
00
00
00
00
00
00
00
00
00
00
00
00
00
00
00
00
00
00
00
00
00
00
00
00
00
00
00
00
00
00
00
00
00
00
00
00
00
00
00
00
00
00
00
00
00
00
00
00
00
00
00
00
00
00
00
00
00
00
00
00
00
00
00
00
00
00
00
00
00
00
00
00
00
00
00
00
00
00
00
00
00
00
01
00
00
00
00
00
00
00
01
00
00
00
01
00
00
00
01
00
00
00
01
00
00
00
e8
03
00
00
00
00
00
00
e8
03
00
00
00
00
00
00
e8
03
00
00
00
00
00
00
e8
03
00
00
00
00
00
00
00
00
00
00
00
00
00
40
00
01
00
00
00
00
00
00
00
20
00
00
00
00
00
00
00
01
00
00
00
00
00
00
e8
03
00
00
00
00
00
00
e8
03
00
00
00
00
00
00
e8
03
00
00
00
00
00
00
e8
03
00
00
00
00
00
00
0a
00
00
00
00
00
00
00
e8
03
00
00
00
00
00
00
e8
03
00
00
00
00
00
00
02
00
00
00
0a
00
00
00
e8
03
00
00
00
00
00
00
e8
03
00
00
00
00
00
00
00
00
00
00
00
00
00
00
e8
03
00
00
00
00
00
00
e8
03
00
00
00
00
00
00
00
00
80
3f
e8
03
00
00
e8
03
00
00
00
00
00
00
e8
03
00
00
00
00
00
00
e8
03
00
00
00
00
00
00
e8
03
00
00
00
00
00
00
e8
03
00
00
00
00
00
00
e8
03
00
00
00
00
00
00
e8
03
00
00
00
00
00
00
0a
00
00
00
64
00
00
00
64
00
00
00
00
00
00
00
e8
03
00
00
00
00
00
00
10
27
00
00
00
00
00
00
64
00
00
00
00
00
00
00
00
40
00
00
00
00
00
00
00
00
04
00
00
00
00
00
80
00
00
00
40
00
00
00
00
00
00
00
00
00
00
00
e8
03
00
00
00
00
00
00
0a
d7
23
3c
00
00
00
00
20
00
00
00
00
00
00
00
1f
00
00
00
00
00
00
00
1e
00
00
00
00
00
00
00
1d
00
00
00
00
00
00
00
00
00
00
00
00
00
00
00
00
00
00
00
00
00
00
00
00
00
00
00
00
00
00
00
0f
00
00
00
00
00
00
00
01
00
00
00
00
00
00
00
00
00
00
00
00
00
00
00
12
00
00
00
00
00
00
00
00
00
00
00
00
00
00
00
00
00
00
00
00
00
00
00
00
00
00
00
00
00
00
00
00
00
00
00
00
00
00
00
00
00
00
00
00
00
00
00
00
00
00
00
00
00
00
00
00
00
00
00
00
00
00
00
00
00
00
00
00
00
00
00
00
00
00
00
00
00
00
00
00
00
00
00
00
00
00
00
00
00
00
00
00
00
00
00
00
00
00
00
00
00
00
00
00
00
00
00
00
00
00
00
00
00
00
00
00
00
00
00
00
00
00
00
00
00
00
00
00
00
00
00
00
00
00
00
00
00
00
00
00
00
00
00
00
00
00
00
00
00
00
00
00
00
00
00
00
00
00
00
00
00
00
00
00
00
00
00
00
00
00
00
00
00
00
00
00
00
00
00
00
00
00
00
00
00
00
00
00
00
00
00
00
00
00
00
00
00
00
00
00
00
00
00
00
00
00
00
00
00
00
00
00
00
00
00
00
00
00
00
00
00
00
00
00
00
00
00
00
00
00
00
00
00
00
00
00
00
00
00
00
00
00
00
00
00
00
00
00
00
00
00
00
00
00
00
00
00
00
00
00
00
00
00
00
00
00
00
00
00
00
00
00
00
00
00
00
00
00
00
00
00
00
00
00
00
00
00
00
00
00
00
00
00
00
00
00
00
00
00
00
00
00
00
00
00
00
00
00
00
00
00
00
00
00
00
00
00
00
00
00
00
00
00
00
00
00
00
00
00
00
00
00
00
00
00
00
00
00
00
00
00
00
00
00
00
00
00
00
00
00
00
00
00
00
00
00
00
00
00
00
00
00
00
00
00
00
00
00
00
00
00
00
00
00
00
00
00
00
00
00
00
00
00
00
00
00
00
00
00
00
00
00
00
00
00
00
00
00
00
00
00
00
00
00
00
00
00
00
00
00
00
00
00
00
00
00
00
00
00
00
00
00
00
00
00
00
00
00
00
00
00
00
00
00
00
00
00
00
00
00
00
00
00
00
00
00
00
00
00
00
00
00
00
00
00
00
00
00
00
00
00
00
00
00
00
00
00
00
00
00
00
00
00
00
00
00
00
00
00
00
00
00
00
00
00
00
00
00
00
00
00
00
00
00
00
00
00
00
00
00
00
00
00
00
00
00
00
00
00
00
00
00
00
00
00
00
00
00
00
00
00
00
00
00
00
00
00
00
00
00
00
00
00
00
00
00
00
00
00
00
00
00
00
00
00
00
00
00
00
00
00
00
00
00
00
00
00
00
00
00
00
00
00
00
00
00
00
00
00
00
00
00
00
00
00
00
00
00
00
00
00
00
00
00
00
00
00
00
00
00
00
00
00
00
00
00
00
00
00
00
00
00
00
00
00
00
00
00
00
00
00
00
00
00
00
00
00
00
00
00
00
00
00
00
00
00
00
00
00
00
00
00
00
00
00
00
00
00
00
00
00
00
00
00
00
00
00
00
00
00
00
00
00
00
00
00
00
00
00
00
00
00
00
00
00
00
00
00
00
00
00
00
00
00
00
00
00
00
00
00
00
00
00
00
00
00
00
00
00
00
00
00
00
00
00
00
00
00
00
00
00
00
00
00
00
00
00
00
00
00
00
00
00
00
00
00
00
00
00
00
00
00
00
00
00
00
00
00
00
00
00
00
00
00
00
00
00
00
00
00
00
00
00
00
00
00
00
00
00
00
00
00
00
00
00
00
00
00
00
00
00
00
00
00
00
00
00
00
00
00
00
00
00
00
00
00
00
00
00
00
00
00
00
00
00
00
00
00
00
00
00
00
00
00
00
00
00
00
00
00
00
00
00
00
00
00
00
00
00
00
00
00
00
00
00
00
00
00
00
00
00
00
00
00
00
00
00
00
00
00
00
00
00
00
00
00
00
00
00
00
00
00
00
00
00
00
00
00
00
00
00
00
00
00
00
00
00
00
00
00
00
00
00
00
00
00
00
00
00
00
00
00
00
00
00
00
00
00
00
00
00
00
00
00
00
00
00
00
00
00
00
00
00
00
00
00
00
00
00
00
00
00
00
00
00
00
00
00
00
00
00
00
00
00
00
00
00
00
00
00
00
00
00
00
00
00
00
00
00
00
00
00
00
00
00
00
00
00
00
00
00
00
00
00
00
00
00
00
00
00
00
00
00
00
00
00
00
00
00
00
00
00
00
00
00
00
00
00
00
00
00
00
00
00
00
00
00
00
00
00
00
00
00
00
00
00
00
00
00
00
00
00
00
00
00
00
00
00
00
00
00
00
00
00
00
00
00
00
00
00
00
00
00
00
00
00
00
00
00
00
00
00
00
00
00
00
00
00
00
00
00
00
00
00
00
00
00
00
00
08
b4
fc
1b
3c
7f
00
00
02
00
00
00
00
00
00
00
a0
79
d7
1b
3c
7f
00
00
82
41
f5
1b
3c
7f
00
00
70
b6
fc
1b
3c
7f
00
00
02
00
00
00
00
00
00
00
f0
b5
fc
1b
3c
7f
00
00
02
00
00
00
00
00
00
00
c0
b5
fc
1b
3c
7f
00
00
02
00
00
00
00
00
00
00
a0
b3
fc
1b
3c
7f
00
00
02
00
00
00
00
00
00
00
a0
09
fd
1b
3c
7f
00
00
00
00
00
00
00
00
00
00
38
b3
fc
1b
3c
7f
00
00
02
00
00
00
00
00
00
00
40
0a
fd
1b
3c
7f
00
00
00
00
00
00
00
00
00
00
90
b1
fc
1b
3c
7f
00
00
02
00
00
00
00
00
00
00
e0
0a
fd
1b
3c
7f
00
00
00
00
00
00
00
00
00
00
a0
b0
fc
1b
3c
7f
00
00
02
00
00
00
00
00
00
00
a0
79
d7
1b
3c
7f
00
00
00
00
00
00
00
00
00
00
00
00
00
00
00
00
00
00
00
00
00
00
00
00
00
00
48
9f
fc
1b
3c
7f
00
00
02
00
00
00
00
00
00
00
a0
79
d7
1b
3c
7f
00
00
82
41
f5
1b
3c
7f
00
00
b0
a1
fc
1b
3c
7f
00
00
02
00
00
00
00
00
00
00
30
a1
fc
1b
3c
7f
00
00
02
00
00
00
00
00
00
00
00
a1
fc
1b
3c
7f
00
00
02
00
00
00
00
00
00
00
e0
9e
fc
1b
3c
7f
00
00
02
00
00
00
00
00
00
00
e0
0d
fd
1b
3c
7f
00
00
00
00
00
00
00
00
00
00
78
9e
fc
1b
3c
7f
00
00
02
00
00
00
00
00
00
00
60
0e
fd
1b
3c
7f
00
00
00
00
00
00
00
00
00
00
d0
9c
fc
1b
3c
7f
00
00
02
00
00
00
00
00
00
00
e0
0e
fd
1b
3c
7f
00
00
00
00
00
00
00
00
00
00
60
9c
fc
1b
3c
7f
00
00
02
00
00
00
00
00
00
00
a0
79
d7
1b
3c
7f
00
00
00
00
00
00
00
00
00
00
00
00
00
00
00
00
00
00
00
00
00
00
00
00
00
00
00
00
00
00
00
00
00
00
00
00
00
00
00
00
00
00
00
00
00
00
00
00
00
00
00
00
00
00
00
00
00
00
00
00
00
00
00
00
00
00
00
00
00
00
00
00
00
00
00
00
00
00
00
00
00
00
00
00
00
00
00
00
00
00
01
00
00
00
00
00
00
00
01
00
00
00
00
00
00
00
01
00
00
00
00
00
00
00
01
00
00
00
00
00
00
00
01
00
00
00
00
00
00
00
01
00
00
00
00
00
00
00
01
00
00
00
00
00
00
00
01
00
00
00
00
00
00
00
06
00
00
00
00
00
00
00
0e
00
00
00
00
00
00
00
0c
00
00
00
00
00
00
00
03
00
00
00
00
00
00
00
08
00
00
00
00
00
00
00
07
00
00
00
00
00
00
00
0a
00
00
00
00
00
00
00
09
00
00
00
00
00
00
00
01
00
00
00
00
00
00
00
01
00
00
00
00
00
00
00
01
00
00
00
00
00
00
00
01
00
00
00
00
00
00
00
01
00
00
00
00
00
00
00
01
00
00
00
00
00
00
00
01
00
00
00
00
00
00
00
01
00
00
00
00
00
00
00
14
00
00
00
00
00
00
00
1c
00
00
00
00
00
00
00
1a
00
00
00
00
00
00
00
11
00
00
00
00
00
00
00
16
00
00
00
00
00
00
00
15
00
00
00
00
00
00
00
18
00
00
00
00
00
00
00
17
00
00
00
00
00
00
00
01
00
00
00
00
00
00
00
01
00
00
00
00
00
00
00
01
00
00
00
00
00
00
00
01
00
00
00
00
00
00
00
01
00
00
00
00
00
00
00
01
00
00
00
00
00
00
00
01
00
00
00
00
00
00
00
01
00
00
00
00
00
00
00
01
00
00
00
00
00
00
00
01
00
00
00
00
00
00
00
01
00
00
00
00
00
00
00
01
00
00
00
00
00
00
00
22
00
00
00
00
00
00
00
28
00
00
00
00
00
00
00
27
00
00
00
00
00
00
00
0d
00
00
00
00
00
00
00
0b
00
00
00
00
00
00
00
21
00
00
00
00
00
00
00
24
00
00
00
00
00
00
00
23
00
00
00
00
00
00
00
26
00
00
00
00
00
00
00
25
00
00
00
00
00
00
00
05
00
00
00
00
00
00
00
04
00
00
00
00
00
00
00
01
00
00
00
00
00
00
00
01
00
00
00
00
00
00
00
01
00
00
00
00
00
00
00
01
00
00
00
00
00
00
00
01
00
00
00
00
00
00
00
01
00
00
00
00
00
00
00
01
00
00
00
00
00
00
00
01
00
00
00
00
00
00
00
01
00
00
00
00
00
00
00
01
00
00
00
00
00
00
00
01
00
00
00
00
00
00
00
01
00
00
00
00
00
00
00
2a
00
00
00
00
00
00
00
30
00
00
00
00
00
00
00
2f
00
00
00
00
00
00
00
1b
00
00
00
00
00
00
00
19
00
00
00
00
00
00
00
29
00
00
00
00
00
00
00
2c
00
00
00
00
00
00
00
2b
00
00
00
00
00
00
00
2e
00
00
00
00
00
00
00
2d
00
00
00
00
00
00
00
13
00
00
00
00
00
00
00
12
00
00
00
00
00
00
00
00
00
00
00
00
00
00
00
00
00
00
00
00
00
00
00
00
00
00
00
00
00
00
00
00
00
00
00
00
00
00
00
00
00
00
00
00
00
00
00
00
00
00
00
00
00
00
00
00
00
00
00
00
00
00
00
00
00
00
00
00
00
00
00
00
00
00
00
00
00
00
00
00
00
00
00
00
00
00
00
00
00
00
00
00
00
00
00
00
00
00
00
00
00
00
00
00
00
00
00
00
00
00
00
00
00
00
00
00
00
00
00
00
00
00
00
00
00
00
00
00
00
00
00
00
00
00
00
00
00
00
00
00
00
00
00
00
00
00
00
00
00
00
00
00
00
00
00
00
00
00
00
00
00
00
00
00
00
00
00
00
00
00
00
00
00
00
00
00
00
00
00
00
00
00
00
00
00
00
00
00
00
00
00
00
00
00
00
00
00
00
00
00
00
00
00
00
00
00
00
00
00
00
00
00
00
00
00
00
00
00
00
00
00
00
00
00
00
00
00
00
00
00
00
00
00
00
00
00
00
00
00
00
00
00
00
00
00
00
00
00
00
00
00
00
00
00
00
00
00
00
00
00
00
00
00
00
00
00
00
00
00
00
00
00
00
00
00
00
00
00
00
00
00
00
00
00
00
00
00
00
00
00
00
00
00
00
00
00
00
00
00
00
00
00
00
00
00
00
00
00
00
00
00
00
00
00
00
00
00
00
00
00
00
00
00
00
00
00
00
00
00
00
00
00
00
00
00
00
00
00
00
00
00
00
00
00
00
00
00
00
00
00
00
00
00
00
00
00
00
00
00
00
00
00
00
00
00
00
00
00
00
00
00
00
00
00
00
00
00
00
00
00
00
00
00
00
00
00
00
00
00
00
00
00
00
00
00
00
00
00
00
00
00
00
00
00
00
00
00
00
00
00
00
00
00
00
00
00
00
00
00
00
00
00
00
00
00
00
00
00
00
00
00
00
00
00
00
00
00
00
00
00
00
00
00
00
00
00
00
00
00
00
00
00
00
00
00
00
00
00
00
00
00
00
00
00
00
00
00
00
00
00
00
00
00
00
00
00
00
00
00
00
00
00
00
00
00
00
00
00
00
00
00
00
00
00
00
00
00
00
00
00
00
00
00
00
00
00
00
00
00
00
00
00
00
00
00
00
00
00
00
00
00
00
00
00
00
00
00
00
00
00
00
00
00
00
00
00
00
00
00
00
00
00
00
00
00
00
00
00
00
00
00
00
00
00
00
00
00
00
00
00
00
00
00
00
00
00
00
00
00
00
00
00
00
00
00
00
00
00
00
00
00
00
00
00
00
00
00
00
00
00
00
00
00
00
00
00
00
00
00
00
00
00
00
00
00
00
00
00
00
00
00
00
00
00
00
00
00
00
00
00
00
00
00
00
00
00
00
00
00
00
00
00
00
00
00
00
00
00
00
00
00
00
00
00
00
00
00
00
00
00
00
00
00
00
00
00
00
00
00
00
00
00
00
00
00
00
00
00
00
00
00
00
00
00
00
00
00
00
00
00
00
00
00
00
00
00
00
00
00
00
00
00
00
00
00
00
00
00
00
00
00
00
00
00
00
00
00
00
00
00
00
00
00
00
00
00
00
00
00
00
00
00
00
00
00
00
00
00
00
00
00
00
00
00
00
00
00
00
00
00
00
00
00
00
00
00
00
00
00
00
00
00
00
00
00
00
00
00
00
00
00
00
00
00
00
00
00
00
00
00
00
00
00
00
00
00
00
00
00
00
00
00
00
00
00
00
00
00
00
00
00
00
00
00
00
00
00
00
00
00
00
00
00
00
00
00
00
00
00
00
00
00
00
00
00
00
00
00
00
00
00
00
00
00
00
00
00
00
00
00
00
00
00
00
00
00
00
00
00
00
00
00
00
00
00
00
00
00
00
00
00
00
00
00
00
00
00
00
00
00
00
00
00
00
00
00
00
00
00
00
00
00
00
00
00
00
00
00
00
00
00
00
00
00
00
00
00
00
00
00
00
00
00
00
00
00
00
00
00
00
00
00
00
00
00
00
00
00
00
00
00
00
00
00
00
00
00
00
00
00
00
00
00
00
00
00
00
00
00
00
00
00
00
00
00
00
00
00
00
00
00
00
00
00
00
00
00
00
00
00
00
00
00
00
00
00
00
00
00
00
00
00
00
00
00
00
00
00
00
00
00
00
00
00
00
00
00
00
00
00
00
00
00
00
00
00
00
00
00
00
00
00
00
00
00
00
00
00
00
00
00
00
00
00
00
00
00
00
00
00
00
00
00
00
00
00
00
00
00
00
00
00
00
00
00
00
00
00
00
00
00
00
00
00
00
00
00
00
00
00
00
00
00
00
00
00
00
00
00
00
00
00
00
00
00
00
00
00
00
00
00
00
00
00
00
00
00
00
00
00
00
00
00
00
00
00
00
00
00
00
00
00
00
00
00
00
00
00
00
00
00
00
00
00
00
00
00
00
00
00
00
00
00
00
00
00
00
00
00
00
00
00
00
00
00
00
00
00
00
00
00
00
00
00
00
00
00
00
00
00
00
00
00
00
00
00
00
00
00
00
00
00
00
00
00
00
00
00
00
00
00
00
00
00
00
00
00
00
00
00
00
00
00
00
00
00
00
00
00
00
00
00
00
00
00
00
00
00
00
00
00
00
00
00
00
00
00
00
00
00
00
00
00
00
00
00
00
00
00
00
00
00
00
00
00
00
00
00
00
00
00
00
00
00
00
00
00
00
00
00
00
00
00
00
00
00
00
00
00
00
00
00
00
00
00
00
00
00
00
00
00
00
00
00
00
00
00
00
00
00
00
00
00
00
00
00
00
00
00
00
00
00
00
00
00
00
00
00
00
00
00
00
00
00
00
00
00
00
00
00
00
00
00
00
00
00
00
00
00
00
00
00
00
00
00
00
00
00
00
00
00
00
00
00
00
00
00
00
00
00
00
00
00
00
00
00
00
00
00
00
00
00
00
00
00
00
00
00
00
00
00
00
00
00
00
00
00
00
00
00
00
00
00
00
00
00
00
00
00
00
00
00
00
00
00
00
00
00
00
00
00
00
00
00
00
00
00
00
00
00
00
00
00
00
00
00
00
00
00
00
00
00
00
00
00
00
00
00
00
00
00
00
00
00
00
00
00
00
00
00
00
00
00
00
00
00
00
00
00
00
00
00
00
00
00
00
00
00
00
00
00
00
00
00
00
00
00
00
00
00
00
00
00
00
00
00
00
00
00
00
00
00
00
00
00
00
00
00
00
00
00
00
00
00
00
00
00
00
00
00
00
00
00
00
00
00
00
00
00
00
00
00
00
00
00
00
00
00
00
00
00
00
00
00
00
00
00
00
00
00
00
00
00
00
00
00
00
00
00
00
00
00
00
00
00
00
00
00
00
00
00
00
00
00
00
00
00
00
00
00
00
00
00
00
00
00
00
00
00
00
00
00
00
00
00
00
00
00
00
00
00
00
00
00
00
00
00
00
00
00
00
00
00
00
00
00
00
00
00
00
00
00
00
00
00
00
00
00
00
00
00
00
00
00
00
00
00
00
00
00
00
00
00
00
00
00
00
00
00
00
00
00
00
00
00
00
00
00
00
00
00
00
00
00
00
00
00
00
00
00
00
00
00
00
00
00
00
00
00
00
00
00
00
00
00
00
00
00
00
00
00
00
00
00
00
00
00
00
00
00
00
00
00
00
00
00
00
00
00
00
00
00
00
00
00
00
00
00
00
00
00
00
00
00
00
00
00
00
00
00
00
00
00
00
00
00
00
00
00
00
00
00
00
00
00
00
00
00
00
00
00
00
00
00
00
00
00
00
00
00
00
00
00
00
00
00
00
00
00
00
00
00
00
00
00
00
00
00
00
00
00
00
00
00
00
00
00
00
00
00
00
00
00
00
00
00
00
00
00
00
00
00
00
00
00
00
00
00
00
00
00
00
00
00
00
00
00
00
00
00
00
00
00
00
00
00
00
00
00
00
00
00
00
00
00
00
00
00
00
00
00
00
00
00
00
00
00
00
00
00
00
00
00
00
00
00
00
00
00
00
00
00
00
00
00
00
00
00
00
00
00
00
00
00
00
00
00
00
00
00
00
00
00
00
00
00
00
00
00
00
00
00
00
00
00
00
00
00
00
00
00
00
00
00
00
00
00
00
00
00
00
00
00
00
00
00
00
00
00
00
00
00
00
