00
00
00
00
00
00
00
00
00
00
00
00
00
00
00
00
00
00
00
00
00
00
00
00
00
00
00
00
00
00
00
00
00
00
00
00
00
00
00
00
00
00
00
00
00
00
00
00
00
00
00
00
00
00
00
00
00
00
00
00
00
00
00
00
00
00
00
01
01
00
00
01
02
00
00
01
03
00
00
01
04
00
00
01
05
00
00
01
06
00
00
01
07
00
00
01
08
00
00
01
09
00
00
01
0a
00
00
01
0b
00
00
01
0c
00
00
01
0d
00
00
01
0e
00
00
01
0f
00
00
01
10
00
00
01
11
00
00
01
12
00
00
01
00
00
00
00
00
00
00
00
00
00
00
00
00
00
00
00
00
00
00
00
00
00
00
00
00
00
00
00
00
00
00
00
00
00
00
00
00
00
00
00
00
00
00
00
00
00
00
00
00
00
00
00
00
00
00
00
00
00
00
00
00
00
00
00
00
00
00
00
00
00
00
00
00
00
00
00
00
00
00
00
00
00
00
00
00
00
00
00
00
00
00
00
00
00
00
00
00
00
00
00
00
00
00
00
00
00
00
00
00
00
00
00
00
00
00
00
00
00
00
02
01
00
00
02
02
00
00
02
03
00
00
02
04
00
00
02
05
00
00
02
06
00
00
02
07
00
00
02
08
00
00
02
09
00
00
02
0a
00
00
02
0b
00
00
02
0c
00
00
02
0d
00
00
02
0e
00
00
02
0f
00
00
02
10
00
00
02
11
00
00
02
12
00
00
02
13
00
00
02
14
00
00
02
15
00
00
02
16
00
00
02
00
00
00
00
00
00
00
00
00
00
00
00
00
00
00
00
00
00
00
00
00
00
00
00
00
00
00
00
00
00
00
00
00
00
00
00
00
00
00
00
00
00
00
00
00
00
00
00
00
00
00
00
00
00
00
00
00
00
00
00
00
00
00
00
00
00
00
00
00
00
00
00
00
00
00
00
00
00
00
00
00
00
00
00
00
00
00
00
00
00
00
00
00
00
00
00
00
00
00
00
00
00
00
03
01
00
00
03
02
00
00
03
03
00
00
03
04
00
00
03
05
00
00
03
06
00
00
03
07
00
00
03
08
00
00
03
09
00
00
03
0a
00
00
03
0b
00
00
03
0c
00
00
03
0d
00
00
03
0e
00
00
03
0f
00
00
03
10
00
00
03
11
00
00
03
12
00
00
03
13
00
00
03
14
00
00
03
15
00
00
03
16
00
00
03
17
00
00
03
18
00
00
03
00
00
00
00
00
00
00
00
00
00
00
00
00
00
00
00
00
00
00
00
00
00
00
00
00
00
00
00
00
00
00
00
00
00
00
00
00
00
00
00
00
00
00
00
00
00
00
00
00
00
00
00
00
00
00
00
00
00
00
00
00
00
00
00
40
00
00
00
ff
07
00
00
4c
00
00
00
00
00
00
00
00
01
00
00
ff
07
00
00
5c
00
00
00
00
00
00
00
c0
01
00
00
ff
07
00
00
64
00
00
00
00
00
00
00
00
00
00
00
00
00
00
00
00
00
00
00
00
00
00
00
00
00
00
00
00
00
00
00
00
00
00
00
00
00
00
00
00
00
00
00
00
00
00
00
00
00
00
00
00
00
00
00
00
00
00
00
00
00
00
00
00
00
00
00
00
00
00
00
