7f
45
4c
46
02
01
01
00
00
00
00
00
00
00
00
00
03
00
3e
00
01
00
00
00
00
00
00
00
00
00
00
00
40
00
00
00
00
00
00
00
f8
c1
00
00
00
00
00
00
00
00
00
00
40
00
38
00
0b
00
40
00
1d
00
1c
00
01
00
00
00
04
00
00
00
00
00
00
00
00
00
00
00
00
00
00
00
00
00
00
00
00
00
00
00
00
00
00
00
30
0b
00
00
00
00
00
00
30
0b
00
00
00
00
00
00
00
10
00
00
00
00
00
00
01
00
00
00
05
00
00
00
00
10
00
00
00
00
00
00
00
10
00
00
00
00
00
00
00
10
00
00
00
00
00
00
e9
70
00
00
00
00
00
00
e9
70
00
00
00
00
00
00
00
10
00
00
00
00
00
00
01
00
00
00
04
00
00
00
00
90
00
00
00
00
00
00
00
90
00
00
00
00
00
00
00
90
00
00
00
00
00
00
30
23
00
00
00
00
00
00
30
23
00
00
00
00
00
00
00
10
00
00
00
00
00
00
01
00
00
00
06
00
00
00
c0
bd
00
00
00
00
00
00
c0
cd
00
00
00
00
00
00
c0
cd
00
00
00
00
00
00
a0
02
00
00
00
00
00
00
a8
02
00
00
00
00
00
00
00
10
00
00
00
00
00
00
02
00
00
00
06
00
00
00
d0
bd
00
00
00
00
00
00
d0
cd
00
00
00
00
00
00
d0
cd
00
00
00
00
00
00
f0
01
00
00
00
00
00
00
f0
01
00
00
00
00
00
00
08
00
00
00
00
00
00
00
04
00
00
00
04
00
00
00
a8
02
00
00
00
00
00
00
a8
02
00
00
00
00
00
00
a8
02
00
00
00
00
00
00
20
00
00
00
00
00
00
00
20
00
00
00
00
00
00
00
08
00
00
00
00
00
00
00
04
00
00
00
04
00
00
00
c8
02
00
00
00
00
00
00
c8
02
00
00
00
00
00
00
c8
02
00
00
00
00
00
00
24
00
00
00
00
00
00
00
24
00
00
00
00
00
00
00
04
00
00
00
00
00
00
00
53
e5
74
64
04
00
00
00
a8
02
00
00
00
00
00
00
a8
02
00
00
00
00
00
00
a8
02
00
00
00
00
00
00
20
00
00
00
00
00
00
00
20
00
00
00
00
00
00
00
08
00
00
00
00
00
00
00
50
e5
74
64
04
00
00
00
c8
aa
00
00
00
00
00
00
c8
aa
00
00
00
00
00
00
c8
aa
00
00
00
00
00
00
44
01
00
00
00
00
00
00
44
01
00
00
00
00
00
00
04
00
00
00
00
00
00
00
51
e5
74
64
06
00
00
00
00
00
00
00
00
00
00
00
00
00
00
00
00
00
00
00
00
00
00
00
00
00
00
00
00
00
00
00
00
00
00
00
00
00
00
00
00
00
00
00
10
00
00
00
00
00
00
00
52
e5
74
64
04
00
00
00
c0
bd
00
00
00
00
00
00
c0
cd
00
00
00
00
00
00
c0
cd
00
00
00
00
00
00
40
02
00
00
00
00
00
00
40
02
00
00
00
00
00
00
01
00
00
00
00
00
00
00
04
00
00
00
10
00
00
00
05
00
00
00
47
4e
55
00
02
00
00
c0
04
00
00
00
03
00
00
00
00
00
00
00
04
00
00
00
14
00
00
00
03
00
00
00
47
4e
55
00
4b
1f
39
0d
d6
e2
4d
49
68
4d
b8
b2
44
3d
08
23
79
e8
e9
77
00
00
00
00
03
00
00
00
11
00
00
00
02
00
00
00
07
00
00
00
00
10
08
00
00
1f
10
30
68
20
21
00
80
a1
94
00
11
00
00
00
16
00
00
00
1a
00
00
00
bc
74
7b
f2
28
96
16
58
46
f9
7e
65
e8
7b
83
0c
d1
d7
42
d5
8c
d5
5d
6b
f4
41
13
9f
cc
02
03
d6
bd
09
dc
7b
ec
36
95
4b
34
f5
cf
e6
e7
6a
4d
50
00
00
00
00
00
00
00
00
00
00
00
00
00
00
00
00
00
00
00
00
00
00
00
00
00
00
00
00
b0
00
00
00
12
00
00
00
00
00
00
00
00
00
00
00
00
00
00
00
00
00
00
00
10
00
00
00
20
00
00
00
00
00
00
00
00
00
00
00
00
00
00
00
00
00
00
00
5d
00
00
00
11
00
00
00
00
00
00
00
00
00
00
00
00
00
00
00
00
00
00
00
33
01
00
00
12
00
00
00
00
00
00
00
00
00
00
00
00
00
00
00
00
00
00
00
18
01
00
00
12
00
00
00
00
00
00
00
00
00
00
00
00
00
00
00
00
00
00
00
91
00
00
00
12
00
00
00
00
00
00
00
00
00
00
00
00
00
00
00
00
00
00
00
a9
00
00
00
12
00
00
00
00
00
00
00
00
00
00
00
00
00
00
00
00
00
00
00
01
00
00
00
20
00
00
00
00
00
00
00
00
00
00
00
00
00
00
00
00
00
00
00
a2
00
00
00
12
00
00
00
00
00
00
00
00
00
00
00
00
00
00
00
00
00
00
00
2c
01
00
00
12
00
00
00
00
00
00
00
00
00
00
00
00
00
00
00
00
00
00
00
4a
01
00
00
12
00
00
00
00
00
00
00
00
00
00
00
00
00
00
00
00
00
00
00
76
00
00
00
11
00
00
00
00
00
00
00
00
00
00
00
00
00
00
00
00
00
00
00
04
01
00
00
12
00
00
00
00
00
00
00
00
00
00
00
00
00
00
00
00
00
00
00
55
00
00
00
12
00
00
00
00
00
00
00
00
00
00
00
00
00
00
00
00
00
00
00
2c
00
00
00
20
00
00
00
00
00
00
00
00
00
00
00
00
00
00
00
00
00
00
00
46
00
00
00
22
00
00
00
00
00
00
00
00
00
00
00
00
00
00
00
00
00
00
00
9b
01
00
00
12
00
0e
00
d0
7a
00
00
00
00
00
00
8d
02
00
00
00
00
00
00
7d
01
00
00
12
00
0e
00
e0
66
00
00
00
00
00
00
e3
13
00
00
00
00
00
00
60
01
00
00
12
00
0e
00
70
66
00
00
00
00
00
00
61
00
00
00
00
00
00
00
2c
02
00
00
12
00
0e
00
d0
7e
00
00
00
00
00
00
f8
01
00
00
00
00
00
00
e8
00
00
00
12
00
0e
00
30
64
00
00
00
00
00
00
31
02
00
00
00
00
00
00
12
02
00
00
12
00
0e
00
c0
7e
00
00
00
00
00
00
08
00
00
00
00
00
00
00
e6
01
00
00
12
00
0e
00
70
7e
00
00
00
00
00
00
19
00
00
00
00
00
00
00
fa
01
00
00
12
00
0e
00
90
7e
00
00
00
00
00
00
26
00
00
00
00
00
00
00
ce
01
00
00
12
00
0e
00
a0
7d
00
00
00
00
00
00
cf
00
00
00
00
00
00
00
45
02
00
00
12
00
0e
00
d0
80
00
00
00
00
00
00
0a
00
00
00
00
00
00
00
ce
00
00
00
12
00
0e
00
c0
63
00
00
00
00
00
00
6c
00
00
00
00
00
00
00
b3
01
00
00
12
00
0e
00
60
7d
00
00
00
00
00
00
35
00
00
00
00
00
00
00
00
5f
5f
67
6d
6f
6e
5f
73
74
61
72
74
5f
5f
00
5f
49
54
4d
5f
64
65
72
65
67
69
73
74
65
72
54
4d
43
6c
6f
6e
65
54
61
62
6c
65
00
5f
49
54
4d
5f
72
65
67
69
73
74
65
72
54
4d
43
6c
6f
6e
65
54
61
62
6c
65
00
5f
5f
63
78
61
5f
66
69
6e
61
6c
69
7a
65
00
6d
65
6d
6d
6f
76
65
00
5f
6b
42
72
6f
74
6c
69
50
72
65
66
69
78
43
6f
64
65
52
61
6e
67
65
73
00
5f
6b
42
72
6f
74
6c
69
43
6f
6e
74
65
78
74
4c
6f
6f
6b
75
70
54
61
62
6c
65
00
5f
5f
73
74
61
63
6b
5f
63
68
6b
5f
66
61
69
6c
00
6d
65
6d
63
70
79
00
6d
65
6d
73
65
74
00
42
72
6f
74
6c
69
54
72
61
6e
73
66
6f
72
6d
44
69
63
74
69
6f
6e
61
72
79
57
6f
72
64
00
42
72
6f
74
6c
69
44
65
63
6f
64
65
72
53
65
74
50
61
72
61
6d
65
74
65
72
00
42
72
6f
74
6c
69
44
65
63
6f
64
65
72
43
72
65
61
74
65
49
6e
73
74
61
6e
63
65
00
42
72
6f
74
6c
69
47
65
74
44
69
63
74
69
6f
6e
61
72
79
00
42
72
6f
74
6c
69
47
65
74
54
72
61
6e
73
66
6f
72
6d
73
00
6d
61
6c
6c
6f
63
00
42
72
6f
74
6c
69
44
65
66
61
75
6c
74
41
6c
6c
6f
63
46
75
6e
63
00
42
72
6f
74
6c
69
44
65
66
61
75
6c
74
46
72
65
65
46
75
6e
63
00
42
72
6f
74
6c
69
44
65
63
6f
64
65
72
44
65
73
74
72
6f
79
49
6e
73
74
61
6e
63
65
00
42
72
6f
74
6c
69
44
65
63
6f
64
65
72
44
65
63
6f
6d
70
72
65
73
73
53
74
72
65
61
6d
00
42
72
6f
74
6c
69
44
65
63
6f
64
65
72
44
65
63
6f
6d
70
72
65
73
73
00
42
72
6f
74
6c
69
44
65
63
6f
64
65
72
48
61
73
4d
6f
72
65
4f
75
74
70
75
74
00
42
72
6f
74
6c
69
44
65
63
6f
64
65
72
54
61
6b
65
4f
75
74
70
75
74
00
42
72
6f
74
6c
69
44
65
63
6f
64
65
72
49
73
55
73
65
64
00
42
72
6f
74
6c
69
44
65
63
6f
64
65
72
49
73
46
69
6e
69
73
68
65
64
00
42
72
6f
74
6c
69
44
65
63
6f
64
65
72
47
65
74
45
72
72
6f
72
43
6f
64
65
00
42
72
6f
74
6c
69
44
65
63
6f
64
65
72
45
72
72
6f
72
53
74
72
69
6e
67
00
42
72
6f
74
6c
69
44
65
63
6f
64
65
72
56
65
72
73
69
6f
6e
00
6c
69
62
62
72
6f
74
6c
69
63
6f
6d
6d
6f
6e
2e
73
6f
2e
31
00
6c
69
62
63
2e
73
6f
2e
36
00
6c
69
62
62
72
6f
74
6c
69
64
65
63
2e
73
6f
2e
31
00
47
4c
49
42
43
5f
32
2e
31
34
00
47
4c
49
42
43
5f
32
2e
32
2e
35
00
47
4c
49
42
43
5f
32
2e
34
00
00
00
00
00
00
00
00
00
00
00
00
00
00
00
00
00
00
00
00
00
00
00
00
00
00
00
00
00
00
00
00
00
00
00
00
00
00
00
00
00
00
00
00
00
00
00
00
00
00
00
00
00
00
00
00
00
00
00
01
00
01
00
01
00
01
00
01
00
02
00
03
00
01
00
04
00
03
00
01
00
01
00
01
00
03
00
01
00
03
00
01
00
01
00
01
00
01
00
01
00
01
00
01
00
01
00
01
00
01
00
01
00
01
00
00
00
01
00
03
00
6f
02
00
00
10
00
00
00
00
00
00
00
94
91
96
06
00
00
04
00
8b
02
00
00
10
00
00
00
75
1a
69
09
00
00
03
00
96
02
00
00
10
00
00
00
14
69
69
0d
00
00
02
00
a2
02
00
00
00
00
00
00
c0
cd
00
00
00
00
00
00
08
00
00
00
00
00
00
00
20
12
00
00
00
00
00
00
c8
cd
00
00
00
00
00
00
08
00
00
00
00
00
00
00
e0
11
00
00
00
00
00
00
58
d0
00
00
00
00
00
00
08
00
00
00
00
00
00
00
58
d0
00
00
00
00
00
00
c0
cf
00
00
00
00
00
00
06
00
00
00
02
00
00
00
00
00
00
00
00
00
00
00
c8
cf
00
00
00
00
00
00
06
00
00
00
03
00
00
00
00
00
00
00
00
00
00
00
d0
cf
00
00
00
00
00
00
06
00
00
00
04
00
00
00
00
00
00
00
00
00
00
00
d8
cf
00
00
00
00
00
00
06
00
00
00
08
00
00
00
00
00
00
00
00
00
00
00
e0
cf
00
00
00
00
00
00
06
00
00
00
0b
00
00
00
00
00
00
00
00
00
00
00
e8
cf
00
00
00
00
00
00
06
00
00
00
0c
00
00
00
00
00
00
00
00
00
00
00
f0
cf
00
00
00
00
00
00
06
00
00
00
0f
00
00
00
00
00
00
00
00
00
00
00
f8
cf
00
00
00
00
00
00
06
00
00
00
10
00
00
00
00
00
00
00
00
00
00
00
18
d0
00
00
00
00
00
00
07
00
00
00
01
00
00
00
00
00
00
00
00
00
00
00
20
d0
00
00
00
00
00
00
07
00
00
00
05
00
00
00
00
00
00
00
00
00
00
00
28
d0
00
00
00
00
00
00
07
00
00
00
06
00
00
00
00
00
00
00
00
00
00
00
30
d0
00
00
00
00
00
00
07
00
00
00
07
00
00
00
00
00
00
00
00
00
00
00
38
d0
00
00
00
00
00
00
07
00
00
00
09
00
00
00
00
00
00
00
00
00
00
00
40
d0
00
00
00
00
00
00
07
00
00
00
0a
00
00
00
00
00
00
00
00
00
00
00
48
d0
00
00
00
00
00
00
07
00
00
00
0d
00
00
00
00
00
00
00
00
00
00
00
50
d0
00
00
00
00
00
00
07
00
00
00
0e
00
00
00
00
00
00
00
00
00
00
00
00
00
00
00
00
00
00
00
00
00
00
00
00
00
00
00
00
00
00
00
00
00
00
00
00
00
00
00
00
00
00
00
00
00
00
00
00
00
00
00
00
00
00
00
00
00
00
00
00
00
00
00
00
00
00
00
00
00
00
00
00
00
00
00
00
00
00
00
00
00
00
00
00
00
00
00
00
00
00
00
00
00
00
00
00
00
00
00
00
00
00
00
00
00
00
00
00
00
00
00
00
00
00
00
00
00
00
00
00
00
00
00
00
00
00
00
00
00
00
00
00
00
00
00
00
00
00
00
00
00
00
00
00
00
00
00
00
00
00
00
00
00
00
00
00
00
00
00
00
00
00
00
00
00
00
00
00
00
00
00
00
00
00
00
00
00
00
00
00
00
00
00
00
00
00
00
00
00
00
00
00
00
00
00
00
00
00
00
00
00
00
00
00
00
00
00
00
00
00
00
00
00
00
00
00
00
00
00
00
00
00
00
00
00
00
00
00
00
00
00
00
00
00
00
00
00
00
00
00
00
00
00
00
00
00
00
00
00
00
00
00
00
00
00
00
00
00
00
00
00
00
00
00
00
00
00
00
00
00
00
00
00
00
00
00
00
00
00
00
00
00
00
00
00
00
00
00
00
00
00
00
00
00
00
00
00
00
00
00
00
00
00
00
00
00
00
00
00
00
00
00
00
00
00
00
00
00
00
00
00
00
00
00
00
00
00
00
00
00
00
00
00
00
00
00
00
00
00
00
00
00
00
00
00
00
00
00
00
00
00
00
00
00
00
00
00
00
00
00
00
00
00
00
00
00
00
00
00
00
00
00
00
00
00
00
00
00
00
00
00
00
00
00
00
00
00
00
00
00
00
00
00
00
00
00
00
00
00
00
00
00
00
00
00
00
00
00
00
00
00
00
00
00
00
00
00
00
00
00
00
00
00
00
00
00
00
00
00
00
00
00
00
00
00
00
00
00
00
00
00
00
00
00
00
00
00
00
00
00
00
00
00
00
00
00
00
00
00
00
00
00
00
00
00
00
00
00
00
00
00
00
00
00
00
00
00
00
00
00
00
00
00
00
00
00
00
00
00
00
00
00
00
00
00
00
00
00
00
00
00
00
00
00
00
00
00
00
00
00
00
00
00
00
00
00
00
00
00
00
00
00
00
00
00
00
00
00
00
00
00
00
00
00
00
00
00
00
00
00
00
00
00
00
00
00
00
00
00
00
00
00
00
00
00
00
00
00
00
00
00
00
00
00
00
00
00
00
00
00
00
00
00
00
00
00
00
00
00
00
00
00
00
00
00
00
00
00
00
00
00
00
00
00
00
00
00
00
00
00
00
00
00
00
00
00
00
00
00
00
00
00
00
00
00
00
00
00
00
00
00
00
00
00
00
00
00
00
00
00
00
00
00
00
00
00
00
00
00
00
00
00
00
00
00
00
00
00
00
00
00
00
00
00
00
00
00
00
00
00
00
00
00
00
00
00
00
00
00
00
00
00
00
00
00
00
00
00
00
00
00
00
00
00
00
00
00
00
00
00
00
00
00
00
00
00
00
00
00
00
00
00
00
00
00
00
00
00
00
00
00
00
00
00
00
00
00
00
00
00
00
00
00
00
00
00
00
00
00
00
00
00
00
00
00
00
00
00
00
00
00
00
00
00
00
00
00
00
00
00
00
00
00
00
00
00
00
00
00
00
00
00
00
00
00
00
00
00
00
00
00
00
00
00
00
00
00
00
00
00
00
00
00
00
00
00
00
00
00
00
00
00
00
00
00
00
00
00
00
00
00
00
00
00
00
00
00
00
00
00
00
00
00
00
00
00
00
00
00
00
00
00
00
00
00
00
00
00
00
00
00
00
00
00
00
00
00
00
00
00
00
00
00
00
00
00
00
00
00
00
00
00
00
00
00
00
00
00
00
00
00
00
00
00
00
00
00
00
00
00
00
00
00
00
00
00
00
00
00
00
00
00
00
00
00
00
00
00
00
00
00
00
00
00
00
00
00
00
00
00
00
00
00
00
00
00
00
00
00
00
00
00
00
00
00
00
00
00
00
00
00
00
00
00
00
00
00
00
00
00
00
00
00
00
00
00
00
00
00
00
00
00
00
00
00
00
00
00
00
00
00
00
00
00
00
00
00
00
00
00
00
00
00
00
00
00
00
00
00
00
00
00
00
00
00
00
00
00
00
00
00
00
00
00
00
00
00
00
00
00
00
00
00
00
00
00
00
00
00
00
00
00
00
00
00
00
00
00
00
00
00
00
00
00
00
00
00
00
00
00
00
00
00
00
00
00
00
00
00
00
00
00
00
00
00
00
00
00
00
00
00
00
00
00
00
00
00
00
00
00
00
00
00
00
00
00
00
00
00
00
00
00
00
00
00
00
00
00
00
00
00
00
00
00
00
00
00
00
00
00
00
00
00
00
00
00
00
00
00
00
00
00
00
00
00
00
00
00
00
00
00
00
00
00
00
00
00
00
00
00
00
00
00
00
00
00
00
00
00
00
00
00
00
00
00
00
00
00
00
00
00
00
00
00
00
00
00
00
00
00
00
00
00
00
00
00
00
00
00
00
00
00
00
00
00
00
00
00
00
00
00
00
00
00
00
00
00
00
00
00
00
00
00
00
00
00
00
00
00
00
00
00
00
00
00
00
00
00
00
00
00
00
00
00
00
00
00
00
00
00
00
00
00
00
00
00
00
00
00
00
00
00
00
00
00
00
00
00
00
00
00
00
00
00
00
00
00
00
00
00
00
00
00
00
00
00
00
00
00
00
00
00
00
