7f
45
4c
46
02
01
01
00
00
00
00
00
00
00
00
00
03
00
3e
00
01
00
00
00
00
00
00
00
00
00
00
00
40
00
00
00
00
00
00
00
a8
f1
08
00
00
00
00
00
00
00
00
00
40
00
38
00
0b
00
40
00
1c
00
1b
00
01
00
00
00
04
00
00
00
00
00
00
00
00
00
00
00
00
00
00
00
00
00
00
00
00
00
00
00
00
00
00
00
70
0b
00
00
00
00
00
00
70
0b
00
00
00
00
00
00
00
10
00
00
00
00
00
00
01
00
00
00
05
00
00
00
00
10
00
00
00
00
00
00
00
10
00
00
00
00
00
00
00
10
00
00
00
00
00
00
f5
c0
03
00
00
00
00
00
f5
c0
03
00
00
00
00
00
00
10
00
00
00
00
00
00
01
00
00
00
04
00
00
00
00
e0
03
00
00
00
00
00
00
e0
03
00
00
00
00
00
00
e0
03
00
00
00
00
00
28
08
05
00
00
00
00
00
28
08
05
00
00
00
00
00
00
10
00
00
00
00
00
00
01
00
00
00
06
00
00
00
b0
ed
08
00
00
00
00
00
b0
fd
08
00
00
00
00
00
b0
fd
08
00
00
00
00
00
c0
02
00
00
00
00
00
00
c8
02
00
00
00
00
00
00
00
10
00
00
00
00
00
00
02
00
00
00
06
00
00
00
c0
ed
08
00
00
00
00
00
c0
fd
08
00
00
00
00
00
c0
fd
08
00
00
00
00
00
00
02
00
00
00
00
00
00
00
02
00
00
00
00
00
00
08
00
00
00
00
00
00
00
04
00
00
00
04
00
00
00
a8
02
00
00
00
00
00
00
a8
02
00
00
00
00
00
00
a8
02
00
00
00
00
00
00
20
00
00
00
00
00
00
00
20
00
00
00
00
00
00
00
08
00
00
00
00
00
00
00
04
00
00
00
04
00
00
00
c8
02
00
00
00
00
00
00
c8
02
00
00
00
00
00
00
c8
02
00
00
00
00
00
00
24
00
00
00
00
00
00
00
24
00
00
00
00
00
00
00
04
00
00
00
00
00
00
00
53
e5
74
64
04
00
00
00
a8
02
00
00
00
00
00
00
a8
02
00
00
00
00
00
00
a8
02
00
00
00
00
00
00
20
00
00
00
00
00
00
00
20
00
00
00
00
00
00
00
08
00
00
00
00
00
00
00
50
e5
74
64
04
00
00
00
e0
b8
08
00
00
00
00
00
e0
b8
08
00
00
00
00
00
e0
b8
08
00
00
00
00
00
3c
04
00
00
00
00
00
00
3c
04
00
00
00
00
00
00
04
00
00
00
00
00
00
00
51
e5
74
64
06
00
00
00
00
00
00
00
00
00
00
00
00
00
00
00
00
00
00
00
00
00
00
00
00
00
00
00
00
00
00
00
00
00
00
00
00
00
00
00
00
00
00
00
10
00
00
00
00
00
00
00
52
e5
74
64
04
00
00
00
b0
ed
08
00
00
00
00
00
b0
fd
08
00
00
00
00
00
b0
fd
08
00
00
00
00
00
50
02
00
00
00
00
00
00
50
02
00
00
00
00
00
00
01
00
00
00
00
00
00
00
04
00
00
00
10
00
00
00
05
00
00
00
47
4e
55
00
02
00
00
c0
04
00
00
00
03
00
00
00
00
00
00
00
04
00
00
00
14
00
00
00
03
00
00
00
47
4e
55
00
a2
ca
c6
8b
9f
14
c3
7f
d2
ee
dd
1b
70
48
72
e0
38
21
fd
65
00
00
00
00
03
00
00
00
13
00
00
00
01
00
00
00
06
00
00
00
46
62
82
61
c0
00
91
04
13
00
00
00
16
00
00
00
18
00
00
00
48
f3
9b
ae
1c
cd
cd
e3
91
31
22
54
66
c0
84
b4
17
c6
2c
51
a6
40
94
7c
ba
73
b0
53
b6
39
bb
d6
9e
8e
71
f6
71
12
a0
b1
00
00
00
00
00
00
00
00
00
00
00
00
00
00
00
00
00
00
00
00
00
00
00
00
00
00
00
00
6e
00
00
00
12
00
00
00
00
00
00
00
00
00
00
00
00
00
00
00
00
00
00
00
10
00
00
00
20
00
00
00
00
00
00
00
00
00
00
00
00
00
00
00
00
00
00
00
55
00
00
00
11
00
00
00
00
00
00
00
00
00
00
00
00
00
00
00
00
00
00
00
2c
01
00
00
12
00
00
00
00
00
00
00
00
00
00
00
00
00
00
00
00
00
00
00
11
01
00
00
12
00
00
00
00
00
00
00
00
00
00
00
00
00
00
00
00
00
00
00
73
00
00
00
12
00
00
00
00
00
00
00
00
00
00
00
00
00
00
00
00
00
00
00
8c
00
00
00
12
00
00
00
00
00
00
00
00
00
00
00
00
00
00
00
00
00
00
00
01
00
00
00
20
00
00
00
00
00
00
00
00
00
00
00
00
00
00
00
00
00
00
00
93
00
00
00
12
00
00
00
00
00
00
00
00
00
00
00
00
00
00
00
00
00
00
00
25
01
00
00
12
00
00
00
00
00
00
00
00
00
00
00
00
00
00
00
00
00
00
00
43
01
00
00
12
00
00
00
00
00
00
00
00
00
00
00
00
00
00
00
00
00
00
00
ac
00
00
00
11
00
00
00
00
00
00
00
00
00
00
00
00
00
00
00
00
00
00
00
fd
00
00
00
12
00
00
00
00
00
00
00
00
00
00
00
00
00
00
00
00
00
00
00
84
00
00
00
12
00
00
00
00
00
00
00
00
00
00
00
00
00
00
00
00
00
00
00
9f
00
00
00
12
00
00
00
00
00
00
00
00
00
00
00
00
00
00
00
00
00
00
00
9a
00
00
00
12
00
00
00
00
00
00
00
00
00
00
00
00
00
00
00
00
00
00
00
2c
00
00
00
20
00
00
00
00
00
00
00
00
00
00
00
00
00
00
00
00
00
00
00
46
00
00
00
22
00
00
00
00
00
00
00
00
00
00
00
00
00
00
00
00
00
00
00
f5
01
00
00
12
00
0e
00
d0
d4
01
00
00
00
00
00
ad
13
00
00
00
00
00
00
11
02
00
00
12
00
0e
00
80
e8
01
00
00
00
00
00
4b
03
00
00
00
00
00
00
95
01
00
00
12
00
0e
00
a0
7a
01
00
00
00
00
00
12
00
00
00
00
00
00
00
76
01
00
00
12
00
0e
00
70
7a
01
00
00
00
00
00
26
00
00
00
00
00
00
00
e0
01
00
00
12
00
0e
00
70
7b
01
00
00
00
00
00
0a
00
00
00
00
00
00
00
c8
01
00
00
12
00
0e
00
f0
7a
01
00
00
00
00
00
7c
00
00
00
00
00
00
00
e1
00
00
00
12
00
0e
00
60
76
01
00
00
00
00
00
e9
02
00
00
00
00
00
00
b0
01
00
00
12
00
0e
00
c0
7a
01
00
00
00
00
00
26
00
00
00
00
00
00
00
c7
00
00
00
12
00
0e
00
80
75
01
00
00
00
00
00
d9
00
00
00
00
00
00
00
59
01
00
00
12
00
0e
00
50
79
01
00
00
00
00
00
11
01
00
00
00
00
00
00
00
5f
5f
67
6d
6f
6e
5f
73
74
61
72
74
5f
5f
00
5f
49
54
4d
5f
64
65
72
65
67
69
73
74
65
72
54
4d
43
6c
6f
6e
65
54
61
62
6c
65
00
5f
49
54
4d
5f
72
65
67
69
73
74
65
72
54
4d
43
6c
6f
6e
65
54
61
62
6c
65
00
5f
5f
63
78
61
5f
66
69
6e
61
6c
69
7a
65
00
5f
6b
42
72
6f
74
6c
69
50
72
65
66
69
78
43
6f
64
65
52
61
6e
67
65
73
00
6c
6f
67
32
00
5f
5f
73
74
61
63
6b
5f
63
68
6b
5f
66
61
69
6c
00
6d
65
6d
6d
6f
76
65
00
6d
65
6d
73
65
74
00
6d
65
6d
63
70
79
00
65
78
69
74
00
5f
5f
6d
65
6d
73
65
74
5f
63
68
6b
00
5f
6b
42
72
6f
74
6c
69
43
6f
6e
74
65
78
74
4c
6f
6f
6b
75
70
54
61
62
6c
65
00
42
72
6f
74
6c
69
45
6e
63
6f
64
65
72
53
65
74
50
61
72
61
6d
65
74
65
72
00
42
72
6f
74
6c
69
45
6e
63
6f
64
65
72
43
72
65
61
74
65
49
6e
73
74
61
6e
63
65
00
42
72
6f
74
6c
69
47
65
74
44
69
63
74
69
6f
6e
61
72
79
00
42
72
6f
74
6c
69
47
65
74
54
72
61
6e
73
66
6f
72
6d
73
00
6d
61
6c
6c
6f
63
00
42
72
6f
74
6c
69
44
65
66
61
75
6c
74
41
6c
6c
6f
63
46
75
6e
63
00
42
72
6f
74
6c
69
44
65
66
61
75
6c
74
46
72
65
65
46
75
6e
63
00
42
72
6f
74
6c
69
45
6e
63
6f
64
65
72
44
65
73
74
72
6f
79
49
6e
73
74
61
6e
63
65
00
42
72
6f
74
6c
69
45
6e
63
6f
64
65
72
4d
61
78
43
6f
6d
70
72
65
73
73
65
64
53
69
7a
65
00
42
72
6f
74
6c
69
45
6e
63
6f
64
65
72
48
61
73
4d
6f
72
65
4f
75
74
70
75
74
00
42
72
6f
74
6c
69
45
6e
63
6f
64
65
72
49
73
46
69
6e
69
73
68
65
64
00
42
72
6f
74
6c
69
45
6e
63
6f
64
65
72
54
61
6b
65
4f
75
74
70
75
74
00
42
72
6f
74
6c
69
45
6e
63
6f
64
65
72
56
65
72
73
69
6f
6e
00
42
72
6f
74
6c
69
45
6e
63
6f
64
65
72
43
6f
6d
70
72
65
73
73
53
74
72
65
61
6d
00
42
72
6f
74
6c
69
45
6e
63
6f
64
65
72
43
6f
6d
70
72
65
73
73
00
6c
69
62
6d
2e
73
6f
2e
36
00
6c
69
62
62
72
6f
74
6c
69
63
6f
6d
6d
6f
6e
2e
73
6f
2e
31
00
6c
69
62
63
2e
73
6f
2e
36
00
6c
69
62
62
72
6f
74
6c
69
65
6e
63
2e
73
6f
2e
31
00
47
4c
49
42
43
5f
32
2e
33
2e
34
00
47
4c
49
42
43
5f
32
2e
31
34
00
47
4c
49
42
43
5f
32
2e
32
2e
35
00
47
4c
49
42
43
5f
32
2e
34
00
47
4c
49
42
43
5f
32
2e
32
39
00
00
00
00
00
00
00
00
00
00
00
00
00
00
00
00
00
00
00
00
00
00
00
00
00
00
00
00
00
00
00
00
00
00
00
00
00
00
00
00
00
00
00
00
00
00
00
00
00
00
00
00
00
00
00
00
00
00
00
02
00
01
00
01
00
01
00
01
00
03
00
04
00
01
00
05
00
04
00
01
00
01
00
01
00
04
00
06
00
04
00
01
00
04
00
01
00
01
00
01
00
01
00
01
00
01
00
01
00
01
00
01
00
01
00
00
00
00
00
01
00
04
00
46
02
00
00
10
00
00
00
50
00
00
00
74
19
69
09
00
00
06
00
62
02
00
00
10
00
00
00
94
91
96
06
00
00
05
00
6e
02
00
00
10
00
00
00
75
1a
69
09
00
00
04
00
79
02
00
00
10
00
00
00
14
69
69
0d
00
00
03
00
85
02
00
00
00
00
00
00
01
00
01
00
27
02
00
00
10
00
00
00
00
00
00
00
89
91
96
06
00
00
02
00
8f
02
00
00
00
00
00
00
b0
fd
08
00
00
00
00
00
08
00
00
00
00
00
00
00
60
12
00
00
00
00
00
00
b8
fd
08
00
00
00
00
00
08
00
00
00
00
00
00
00
20
12
00
00
00
00
00
00
68
00
09
00
00
00
00
00
08
00
00
00
00
00
00
00
68
00
09
00
00
00
00
00
c0
ff
08
00
00
00
00
00
06
00
00
00
02
00
00
00
00
00
00
00
00
00
00
00
c8
ff
08
00
00
00
00
00
06
00
00
00
03
00
00
00
00
00
00
00
00
00
00
00
d0
ff
08
00
00
00
00
00
06
00
00
00
04
00
00
00
00
00
00
00
00
00
00
00
d8
ff
08
00
00
00
00
00
06
00
00
00
08
00
00
00
00
00
00
00
00
00
00
00
e0
ff
08
00
00
00
00
00
06
00
00
00
0b
00
00
00
00
00
00
00
00
00
00
00
e8
ff
08
00
00
00
00
00
06
00
00
00
0c
00
00
00
00
00
00
00
00
00
00
00
f0
ff
08
00
00
00
00
00
06
00
00
00
11
00
00
00
00
00
00
00
00
00
00
00
f8
ff
08
00
00
00
00
00
06
00
00
00
12
00
00
00
00
00
00
00
00
00
00
00
18
00
09
00
00
00
00
00
07
00
00
00
01
00
00
00
00
00
00
00
00
00
00
00
20
00
09
00
00
00
00
00
07
00
00
00
05
00
00
00
00
00
00
00
00
00
00
00
28
00
09
00
00
00
00
00
07
00
00
00
06
00
00
00
00
00
00
00
00
00
00
00
30
00
09
00
00
00
00
00
07
00
00
00
07
00
00
00
00
00
00
00
00
00
00
00
38
00
09
00
00
00
00
00
07
00
00
00
09
00
00
00
00
00
00
00
00
00
00
00
40
00
09
00
00
00
00
00
07
00
00
00
0a
00
00
00
00
00
00
00
00
00
00
00
48
00
09
00
00
00
00
00
07
00
00
00
0d
00
00
00
00
00
00
00
00
00
00
00
50
00
09
00
00
00
00
00
07
00
00
00
0e
00
00
00
00
00
00
00
00
00
00
00
58
00
09
00
00
00
00
00
07
00
00
00
0f
00
00
00
00
00
00
00
00
00
00
00
60
00
09
00
00
00
00
00
07
00
00
00
10
00
00
00
00
00
00
00
00
00
00
00
00
00
00
00
00
00
00
00
00
00
00
00
00
00
00
00
00
00
00
00
00
00
00
00
00
00
00
00
00
00
00
00
00
00
00
00
00
00
00
00
00
00
00
00
00
00
00
00
00
00
00
00
00
00
00
00
00
00
00
00
00
00
00
00
00
00
00
00
00
00
00
00
00
00
00
00
00
00
00
00
00
00
00
00
00
00
00
00
00
00
00
00
00
00
00
00
00
00
00
00
00
00
00
00
00
00
00
00
00
00
00
00
00
00
00
00
00
00
00
00
00
00
00
00
00
00
00
00
00
00
00
00
00
00
00
00
00
00
00
00
00
00
00
00
00
00
00
00
00
00
00
00
00
00
00
00
00
00
00
00
00
00
00
00
00
00
00
00
00
00
00
00
00
00
00
00
00
00
00
00
00
00
00
00
00
00
00
00
00
00
00
00
00
00
00
00
00
00
00
00
00
00
00
00
00
00
00
00
00
00
00
00
00
00
00
00
00
00
00
00
00
00
00
00
00
00
00
00
00
00
00
00
00
00
00
00
00
00
00
00
00
00
00
00
00
00
00
00
00
00
00
00
00
00
00
00
00
00
00
00
00
00
00
00
00
00
00
00
00
00
00
00
00
00
00
00
00
00
00
00
00
00
00
00
00
00
00
00
00
00
00
00
00
00
00
00
00
00
00
00
00
00
00
00
00
00
00
00
00
00
00
00
00
00
00
00
00
00
00
00
00
00
00
00
00
00
00
00
00
00
00
00
00
00
00
00
00
00
00
00
00
00
00
00
00
00
00
00
00
00
00
00
00
00
00
00
00
00
00
00
00
00
00
00
00
00
00
00
00
00
00
00
00
00
00
00
00
00
00
00
00
00
00
00
00
00
00
00
00
00
00
00
00
00
00
00
00
00
00
00
00
00
00
00
00
00
00
00
00
00
00
00
00
00
00
00
00
00
00
00
00
00
00
00
00
00
00
00
00
00
00
00
00
00
00
00
00
00
00
00
00
00
00
00
00
00
00
00
00
00
00
00
00
00
00
00
00
00
00
00
00
00
00
00
00
00
00
00
00
00
00
00
00
00
00
00
00
00
00
00
00
00
00
00
00
00
00
00
00
00
00
00
00
00
00
00
00
00
00
00
00
00
00
00
00
00
00
00
00
00
00
00
00
00
00
00
00
00
00
00
00
00
00
00
00
00
00
00
00
00
00
00
00
00
00
00
00
00
00
00
00
00
00
00
00
00
00
00
00
00
00
00
00
00
00
00
00
00
00
00
00
00
00
00
00
00
00
00
00
00
00
00
00
00
00
00
00
00
00
00
00
00
00
00
00
00
00
00
00
00
00
00
00
00
00
00
00
00
00
00
00
00
00
00
00
00
00
00
00
00
00
00
00
00
00
00
00
00
00
00
00
00
00
00
00
00
00
00
00
00
00
00
00
00
00
00
00
00
00
00
00
00
00
00
00
00
00
00
00
00
00
00
00
00
00
00
00
00
00
00
00
00
00
00
00
00
00
00
00
00
00
00
00
00
00
00
00
00
00
00
00
00
00
00
00
00
00
00
00
00
00
00
00
00
00
00
00
00
00
00
00
00
00
00
00
00
00
00
00
00
00
00
00
00
00
00
00
00
00
00
00
00
00
00
00
00
00
00
00
00
00
00
00
00
00
00
00
00
00
00
00
00
00
00
00
00
00
00
00
00
00
00
00
00
00
00
00
00
00
00
00
00
00
00
00
00
00
00
00
00
00
00
00
00
00
00
00
00
00
00
00
00
00
00
00
00
00
00
00
00
00
00
00
00
00
00
00
00
00
00
00
00
00
00
00
00
00
00
00
00
00
00
00
00
00
00
00
00
00
00
00
00
00
00
00
00
00
00
00
00
00
00
00
00
00
00
00
00
00
00
00
00
00
00
00
00
00
00
00
00
00
00
00
00
00
00
00
00
00
00
00
00
00
00
00
00
00
00
00
00
00
00
00
00
00
00
00
00
00
00
00
00
00
00
00
00
00
00
00
00
00
00
00
00
00
00
00
00
00
00
00
00
00
00
00
00
00
00
00
00
00
00
00
00
00
00
00
00
00
00
00
00
00
00
00
00
00
00
00
00
00
00
00
00
00
00
00
00
00
00
00
00
00
00
00
00
00
00
00
00
00
00
00
00
00
00
00
00
00
00
00
00
00
00
00
00
00
00
00
00
00
00
00
00
00
00
00
00
00
00
00
00
00
00
00
00
00
00
00
00
00
00
00
00
00
00
00
00
00
00
00
00
00
00
00
00
00
00
00
00
00
00
00
00
00
00
00
00
00
00
00
00
00
00
00
00
00
00
00
00
00
00
00
00
00
00
00
00
00
00
00
00
00
00
00
00
00
00
00
00
00
00
00
00
00
00
00
00
00
00
00
00
00
00
00
00
00
00
00
00
00
00
00
00
00
00
00
00
00
00
00
00
00
00
00
00
00
00
00
00
00
00
00
00
00
00
00
00
00
00
00
00
00
00
00
00
00
00
00
00
00
00
00
00
00
00
00
00
00
00
00
00
00
00
00
00
00
00
00
00
00
00
00
00
00
00
00
00
00
00
00
00
00
00
00
00
00
00
00
00
00
00
00
00
00
00
00
00
00
00
00
00
00
00
00
00
00
00
