7f
45
4c
46
02
01
01
00
00
00
00
00
00
00
00
00
03
00
3e
00
01
00
00
00
00
00
00
00
00
00
00
00
40
00
00
00
00
00
00
00
f0
81
00
00
00
00
00
00
00
00
00
00
40
00
38
00
0b
00
40
00
1e
00
1d
00
01
00
00
00
04
00
00
00
00
00
00
00
00
00
00
00
00
00
00
00
00
00
00
00
00
00
00
00
00
00
00
00
90
1f
00
00
00
00
00
00
90
1f
00
00
00
00
00
00
00
10
00
00
00
00
00
00
01
00
00
00
05
00
00
00
00
20
00
00
00
00
00
00
00
20
00
00
00
00
00
00
00
20
00
00
00
00
00
00
7d
3c
00
00
00
00
00
00
7d
3c
00
00
00
00
00
00
00
10
00
00
00
00
00
00
01
00
00
00
04
00
00
00
00
60
00
00
00
00
00
00
00
60
00
00
00
00
00
00
00
60
00
00
00
00
00
00
e1
10
00
00
00
00
00
00
e1
10
00
00
00
00
00
00
00
10
00
00
00
00
00
00
01
00
00
00
06
00
00
00
90
7c
00
00
00
00
00
00
90
8c
00
00
00
00
00
00
90
8c
00
00
00
00
00
00
08
04
00
00
00
00
00
00
10
04
00
00
00
00
00
00
00
10
00
00
00
00
00
00
02
00
00
00
06
00
00
00
e0
7d
00
00
00
00
00
00
e0
8d
00
00
00
00
00
00
e0
8d
00
00
00
00
00
00
f0
01
00
00
00
00
00
00
f0
01
00
00
00
00
00
00
08
00
00
00
00
00
00
00
04
00
00
00
04
00
00
00
a8
02
00
00
00
00
00
00
a8
02
00
00
00
00
00
00
a8
02
00
00
00
00
00
00
20
00
00
00
00
00
00
00
20
00
00
00
00
00
00
00
08
00
00
00
00
00
00
00
04
00
00
00
04
00
00
00
c8
02
00
00
00
00
00
00
c8
02
00
00
00
00
00
00
c8
02
00
00
00
00
00
00
24
00
00
00
00
00
00
00
24
00
00
00
00
00
00
00
04
00
00
00
00
00
00
00
53
e5
74
64
04
00
00
00
a8
02
00
00
00
00
00
00
a8
02
00
00
00
00
00
00
a8
02
00
00
00
00
00
00
20
00
00
00
00
00
00
00
20
00
00
00
00
00
00
00
08
00
00
00
00
00
00
00
50
e5
74
64
04
00
00
00
e0
62
00
00
00
00
00
00
e0
62
00
00
00
00
00
00
e0
62
00
00
00
00
00
00
14
02
00
00
00
00
00
00
14
02
00
00
00
00
00
00
04
00
00
00
00
00
00
00
51
e5
74
64
06
00
00
00
00
00
00
00
00
00
00
00
00
00
00
00
00
00
00
00
00
00
00
00
00
00
00
00
00
00
00
00
00
00
00
00
00
00
00
00
00
00
00
00
10
00
00
00
00
00
00
00
52
e5
74
64
04
00
00
00
90
7c
00
00
00
00
00
00
90
8c
00
00
00
00
00
00
90
8c
00
00
00
00
00
00
70
03
00
00
00
00
00
00
70
03
00
00
00
00
00
00
01
00
00
00
00
00
00
00
04
00
00
00
10
00
00
00
05
00
00
00
47
4e
55
00
02
00
00
c0
04
00
00
00
03
00
00
00
00
00
00
00
04
00
00
00
14
00
00
00
03
00
00
00
47
4e
55
00
a3
61
12
93
f4
2a
2a
0f
d3
9b
5b
a3
b6
cc
db
1c
17
f3
87
a9
00
00
00
00
25
00
00
00
17
00
00
00
08
00
00
00
09
00
00
00
61
54
1f
00
86
24
38
40
02
80
82
00
0c
10
61
02
18
00
21
b2
18
03
80
01
60
10
42
0e
30
54
64
05
08
20
00
60
10
04
42
00
01
00
30
00
90
03
88
41
01
20
58
00
53
32
a1
c0
28
08
80
00
86
01
48
22
17
00
00
00
19
00
00
00
1a
00
00
00
1b
00
00
00
1c
00
00
00
1d
00
00
00
1e
00
00
00
1f
00
00
00
21
00
00
00
22
00
00
00
23
00
00
00
00
00
00
00
27
00
00
00
00
00
00
00
00
00
00
00
29
00
00
00
2c
00
00
00
30
00
00
00
32
00
00
00
34
00
00
00
37
00
00
00
3b
00
00
00
00
00
00
00
00
00
00
00
3c
00
00
00
3d
00
00
00
3f
00
00
00
42
00
00
00
44
00
00
00
46
00
00
00
48
00
00
00
4a
00
00
00
4d
00
00
00
4f
00
00
00
50
00
00
00
52
00
00
00
55
00
00
00
76
02
71
18
13
a2
34
7a
07
28
24
05
75
72
4e
c1
f3
4f
74
54
97
cd
46
45
a9
50
ba
03
ef
ca
59
48
cc
e4
e5
23
35
14
99
08
2b
bb
b7
6e
d1
d4
53
11
66
fd
92
18
ca
7b
6e
25
1e
9b
4f
97
a5
a0
d5
94
76
67
0d
40
03
bd
66
ad
a0
ef
0d
40
e4
36
dd
37
71
1e
ca
a9
b6
06
71
18
50
c6
c1
be
f4
0c
22
a1
05
24
f1
5b
f2
ca
c2
1e
2d
18
da
77
fa
4a
ab
38
69
29
e5
4b
e2
e7
50
3a
32
42
0a
ed
35
54
74
54
10
fc
a6
c1
62
2e
dd
37
d6
d1
46
45
b5
c3
37
bd
bf
1b
31
f3
b1
7d
53
b1
54
c9
46
45
b5
27
1f
5e
0e
5a
ce
7c
f6
d8
9f
9b
f7
87
75
27
9e
b8
9f
f3
c5
4f
ae
f6
68
81
f8
bd
81
c9
d7
d4
84
aa
0a
fa
27
00
40
77
b8
b8
22
87
95
db
e6
50
66
f1
98
9a
e0
f3
0d
40
9d
b8
c7
fc
d6
b2
38
e5
f9
0a
71
18
37
63
0d
40
a8
59
4f
2a
ed
34
db
62
22
e8
c1
9b
74
58
74
54
25
bd
2f
cb
a3
32
dd
37
00
00
00
00
00
00
00
00
00
00
00
00
00
00
00
00
00
00
00
00
00
00
00
00
8f
02
00
00
12
00
00
00
00
00
00
00
00
00
00
00
00
00
00
00
00
00
00
00
79
08
00
00
12
00
00
00
00
00
00
00
00
00
00
00
00
00
00
00
00
00
00
00
ab
04
00
00
12
00
00
00
00
00
00
00
00
00
00
00
00
00
00
00
00
00
00
00
51
07
00
00
12
00
00
00
00
00
00
00
00
00
00
00
00
00
00
00
00
00
00
00
ab
05
00
00
12
00
00
00
00
00
00
00
00
00
00
00
00
00
00
00
00
00
00
00
46
00
00
00
22
00
00
00
00
00
00
00
00
00
00
00
00
00
00
00
00
00
00
00
a3
02
00
00
12
00
00
00
00
00
00
00
00
00
00
00
00
00
00
00
00
00
00
00
6f
06
00
00
12
00
00
00
00
00
00
00
00
00
00
00
00
00
00
00
00
00
00
00
6c
0a
00
00
11
00
00
00
00
00
00
00
00
00
00
00
00
00
00
00
00
00
00
00
cd
01
00
00
12
00
00
00
00
00
00
00
00
00
00
00
00
00
00
00
00
00
00
00
97
01
00
00
12
00
00
00
00
00
00
00
00
00
00
00
00
00
00
00
00
00
00
00
9d
02
00
00
12
00
00
00
00
00
00
00
00
00
00
00
00
00
00
00
00
00
00
00
f0
04
00
00
12
00
00
00
00
00
00
00
00
00
00
00
00
00
00
00
00
00
00
00
88
02
00
00
12
00
00
00
00
00
00
00
00
00
00
00
00
00
00
00
00
00
00
00
d0
0a
00
00
11
00
00
00
00
00
00
00
00
00
00
00
00
00
00
00
00
00
00
00
95
02
00
00
12
00
00
00
00
00
00
00
00
00
00
00
00
00
00
00
00
00
00
00
d1
06
00
00
12
00
00
00
00
00
00
00
00
00
00
00
00
00
00
00
00
00
00
00
10
00
00
00
20
00
00
00
00
00
00
00
00
00
00
00
00
00
00
00
00
00
00
00
e6
06
00
00
12
00
00
00
00
00
00
00
00
00
00
00
00
00
00
00
00
00
00
00
01
00
00
00
20
00
00
00
00
00
00
00
00
00
00
00
00
00
00
00
00
00
00
00
44
0a
00
00
22
00
00
00
00
00
00
00
00
00
00
00
00
00
00
00
00
00
00
00
2c
00
00
00
20
00
00
00
00
00
00
00
00
00
00
00
00
00
00
00
00
00
00
00
4c
03
00
00
12
00
0e
00
60
2a
00
00
00
00
00
00
16
00
00
00
00
00
00
00
1a
0a
00
00
11
00
16
00
a0
8c
00
00
00
00
00
00
38
00
00
00
00
00
00
00
2f
0a
00
00
11
00
16
00
d8
8c
00
00
00
00
00
00
10
00
00
00
00
00
00
00
1f
0b
00
00
11
00
16
00
00
8d
00
00
00
00
00
00
18
00
00
00
00
00
00
00
6c
03
00
00
12
00
0e
00
80
2a
00
00
00
00
00
00
16
00
00
00
00
00
00
00
96
03
00
00
12
00
0e
00
a0
2a
00
00
00
00
00
00
05
00
00
00
00
00
00
00
76
06
00
00
12
00
0e
00
70
2e
00
00
00
00
00
00
4c
04
00
00
00
00
00
00
cc
07
00
00
12
00
0e
00
60
4f
00
00
00
00
00
00
3e
02
00
00
00
00
00
00
53
01
00
00
12
00
0e
00
20
24
00
00
00
00
00
00
0c
00
00
00
00
00
00
00
6b
0b
00
00
11
00
16
00
28
8d
00
00
00
00
00
00
40
00
00
00
00
00
00
00
59
02
00
00
12
00
0e
00
e0
26
00
00
00
00
00
00
19
00
00
00
00
00
00
00
9e
01
00
00
12
00
0e
00
60
24
00
00
00
00
00
00
30
00
00
00
00
00
00
00
04
09
00
00
12
00
0e
00
f0
53
00
00
00
00
00
00
4b
00
00
00
00
00
00
00
50
09
00
00
12
00
0e
00
f0
54
00
00
00
00
00
00
4c
00
00
00
00
00
00
00
59
04
00
00
12
00
0e
00
10
2b
00
00
00
00
00
00
1c
01
00
00
00
00
00
00
f8
00
00
00
12
00
0e
00
00
24
00
00
00
00
00
00
0d
00
00
00
00
00
00
00
84
05
00
00
12
00
0e
00
50
2d
00
00
00
00
00
00
9d
00
00
00
00
00
00
00
55
00
00
00
12
00
0e
00
c0
23
00
00
00
00
00
00
08
00
00
00
00
00
00
00
12
06
00
00
12
00
0e
00
f0
2d
00
00
00
00
00
00
0c
00
00
00
00
00
00
00
aa
03
00
00
12
00
0e
00
b0
2a
00
00
00
00
00
00
17
00
00
00
00
00
00
00
28
08
00
00
12
00
0e
00
b0
52
00
00
00
00
00
00
88
00
00
00
00
00
00
00
2c
03
00
00
12
00
0e
00
40
2a
00
00
00
00
00
00
17
00
00
00
00
00
00
00
0d
02
00
00
12
00
0e
00
00
25
00
00
00
00
00
00
49
00
00
00
00
00
00
00
2f
09
00
00
12
00
0e
00
40
54
00
00
00
00
00
00
ab
00
00
00
00
00
00
00
a6
06
00
00
12
00
0e
00
c0
32
00
00
00
00
00
00
81
02
00
00
00
00
00
00
58
0b
00
00
11
00
10
00
a8
60
00
00
00
00
00
00
0f
00
00
00
00
00
00
00
b9
08
00
00
12
00
0e
00
40
53
00
00
00
00
00
00
8b
00
00
00
00
00
00
00
23
05
00
00
12
00
0e
00
50
2c
00
00
00
00
00
00
09
00
00
00
00
00
00
00
ae
09
00
00
12
00
0e
00
d0
55
00
00
00
00
00
00
09
03
00
00
00
00
00
00
d4
00
00
00
12
00
0e
00
f0
23
00
00
00
00
00
00
10
00
00
00
00
00
00
00
92
0a
00
00
11
00
10
00
60
60
00
00
00
00
00
00
1b
00
00
00
00
00
00
00
d7
02
00
00
12
00
0e
00
30
2a
00
00
00
00
00
00
05
00
00
00
00
00
00
00
57
0a
00
00
11
00
10
00
40
60
00
00
00
00
00
00
11
00
00
00
00
00
00
00
1e
04
00
00
12
00
0e
00
d0
2a
00
00
00
00
00
00
16
00
00
00
00
00
00
00
82
03
00
00
12
00
0e
00
a0
2a
00
00
00
00
00
00
05
00
00
00
00
00
00
00
f5
06
00
00
12
00
0e
00
40
41
00
00
00
00
00
00
6c
01
00
00
00
00
00
00
f9
0a
00
00
11
00
10
00
80
60
00
00
00
00
00
00
22
00
00
00
00
00
00
00
1b
01
00
00
12
00
0e
00
10
24
00
00
00
00
00
00
09
00
00
00
00
00
00
00
45
04
00
00
12
00
0e
00
f0
2a
00
00
00
00
00
00
16
00
00
00
00
00
00
00
39
06
00
00
12
00
0e
00
00
2e
00
00
00
00
00
00
6c
00
00
00
00
00
00
00
16
08
00
00
12
00
0e
00
20
52
00
00
00
00
00
00
8c
00
00
00
00
00
00
00
01
05
00
00
12
00
0e
00
30
2c
00
00
00
00
00
00
1e
00
00
00
00
00
00
00
0d
03
00
00
11
00
16
00
a8
8d
00
00
00
00
00
00
38
00
00
00
00
00
00
00
7a
00
00
00
12
00
0e
00
d0
23
00
00
00
00
00
00
0b
00
00
00
00
00
00
00
66
07
00
00
12
00
0e
00
e0
46
00
00
00
00
00
00
f2
07
00
00
00
00
00
00
45
0b
00
00
11
00
16
00
18
8d
00
00
00
00
00
00
10
00
00
00
00
00
00
00
26
07
00
00
12
00
0e
00
b0
42
00
00
00
00
00
00
21
04
00
00
00
00
00
00
60
09
00
00
12
00
0e
00
40
55
00
00
00
00
00
00
87
00
00
00
00
00
00
00
ab
00
00
00
12
00
0e
00
e0
23
00
00
00
00
00
00
09
00
00
00
00
00
00
00
69
05
00
00
12
00
0e
00
30
2d
00
00
00
00
00
00
18
00
00
00
00
00
00
00
9d
07
00
00
12
00
0e
00
e0
4e
00
00
00
00
00
00
7d
00
00
00
00
00
00
00
40
05
00
00
12
00
0e
00
60
2c
00
00
00
00
00
00
c3
00
00
00
00
00
00
00
eb
05
00
00
12
00
0e
00
f0
2d
00
00
00
00
00
00
0c
00
00
00
00
00
00
00
f5
07
00
00
12
00
0e
00
a0
51
00
00
00
00
00
00
7a
00
00
00
00
00
00
00
e2
08
00
00
12
00
0e
00
d0
53
00
00
00
00
00
00
18
00
00
00
00
00
00
00
ed
02
00
00
12
00
0e
00
40
2a
00
00
00
00
00
00
17
00
00
00
00
00
00
00
c4
05
00
00
12
00
0e
00
50
2d
00
00
00
00
00
00
9d
00
00
00
00
00
00
00
b1
0a
00
00
11
00
16
00
e8
8c
00
00
00
00
00
00
18
00
00
00
00
00
00
00
ec
09
00
00
12
00
0e
00
e0
58
00
00
00
00
00
00
8d
03
00
00
00
00
00
00
d1
03
00
00
11
00
16
00
68
8d
00
00
00
00
00
00
40
00
00
00
00
00
00
00
c1
02
00
00
12
00
0e
00
30
2a
00
00
00
00
00
00
05
00
00
00
00
00
00
00
d4
01
00
00
12
00
0e
00
90
24
00
00
00
00
00
00
67
00
00
00
00
00
00
00
f7
03
00
00
12
00
0e
00
b0
2a
00
00
00
00
00
00
17
00
00
00
00
00
00
00
00
5f
5f
67
6d
6f
6e
5f
73
74
61
72
74
5f
5f
00
5f
49
54
4d
5f
64
65
72
65
67
69
73
74
65
72
54
4d
43
6c
6f
6e
65
54
61
62
6c
65
00
5f
49
54
4d
5f
72
65
67
69
73
74
65
72
54
4d
43
6c
6f
6e
65
54
61
62
6c
65
00
5f
5f
63
78
61
5f
66
69
6e
61
6c
69
7a
65
00
5f
5a
4e
36
73
6e
61
70
70
79
34
53
69
6e
6b
31
35
47
65
74
41
70
70
65
6e
64
42
75
66
66
65
72
45
6d
50
63
00
5f
5a
4e
36
73
6e
61
70
70
79
34
53
69
6e
6b
32
33
47
65
74
41
70
70
65
6e
64
42
75
66
66
65
72
56
61
72
69
61
62
6c
65
45
6d
6d
50
63
6d
50
6d
00
5f
5a
4e
4b
36
73
6e
61
70
70
79
31
35
42
79
74
65
41
72
72
61
79
53
6f
75
72
63
65
39
41
76
61
69
6c
61
62
6c
65
45
76
00
5f
5a
4e
36
73
6e
61
70
70
79
31
35
42
79
74
65
41
72
72
61
79
53
6f
75
72
63
65
34
50
65
65
6b
45
50
6d
00
5f
5a
4e
36
73
6e
61
70
70
79
31
35
42
79
74
65
41
72
72
61
79
53
6f
75
72
63
65
34
53
6b
69
70
45
6d
00
5f
5a
4e
36
73
6e
61
70
70
79
32
32
55
6e
63
68
65
63
6b
65
64
42
79
74
65
41
72
72
61
79
53
69
6e
6b
31
35
47
65
74
41
70
70
65
6e
64
42
75
66
66
65
72
45
6d
50
63
00
5f
5a
4e
36
73
6e
61
70
70
79
32
32
55
6e
63
68
65
63
6b
65
64
42
79
74
65
41
72
72
61
79
53
69
6e
6b
32
33
47
65
74
41
70
70
65
6e
64
42
75
66
66
65
72
56
61
72
69
61
62
6c
65
45
6d
6d
50
63
6d
50
6d
00
5f
5a
64
6c
50
76
00
5f
5a
4e
36
73
6e
61
70
70
79
32
32
55
6e
63
68
65
63
6b
65
64
42
79
74
65
41
72
72
61
79
53
69
6e
6b
36
41
70
70
65
6e
64
45
50
4b
63
6d
00
6d
65
6d
63
70
79
00
5f
5a
4e
36
73
6e
61
70
70
79
34
53
69
6e
6b
32
32
41
70
70
65
6e
64
41
6e
64
54
61
6b
65
4f
77
6e
65
72
73
68
69
70
45
50
63
6d
50
46
76
50
76
50
4b
63
6d
45
53
32
5f
00
5f
5a
4e
36
73
6e
61
70
70
79
32
32
55
6e
63
68
65
63
6b
65
64
42
79
74
65
41
72
72
61
79
53
69
6e
6b
32
32
41
70
70
65
6e
64
41
6e
64
54
61
6b
65
4f
77
6e
65
72
73
68
69
70
45
50
63
6d
50
46
76
50
76
50
4b
63
6d
45
53
32
5f
00
5f
5a
4e
36
73
6e
61
70
70
79
31
39
53
6e
61
70
70
79
53
69
6e
6b
41
6c
6c
6f
63
61
74
6f
72
37
44
65
6c
65
74
65
72
45
50
76
50
4b
63
6d
00
5f
5a
64
61
50
76
00
5f
5a
6e
61
6d
00
6d
65
6d
6d
6f
76
65
00
5f
5a
6e
77
6d
00
5f
5a
53
74
32
30
5f
5f
74
68
72
6f
77
5f
6c
65
6e
67
74
68
5f
65
72
72
6f
72
50
4b
63
00
5f
5a
4e
36
73
6e
61
70
70
79
36
53
6f
75
72
63
65
44
32
45
76
00
5f
5a
4e
36
73
6e
61
70
70
79
36
53
6f
75
72
63
65
44
31
45
76
00
5f
5a
4e
36
73
6e
61
70
70
79
31
35
42
79
74
65
41
72
72
61
79
53
6f
75
72
63
65
44
32
45
76
00
5f
5a
54
56
4e
36
73
6e
61
70
70
79
31
35
42
79
74
65
41
