c0
9b
21
00
00
00
00
00
90
43
6a
20
3c
7f
00
00
30
ad
6b
20
3c
7f
00
00
60
b9
cf
1b
3c
7f
00
00
90
75
cf
1b
3c
7f
00
00
30
60
b8
1b
3c
7f
00
00
b0
97
cf
1b
3c
7f
00
00
50
60
b8
1b
3c
7f
00
00
80
e7
cf
1b
3c
7f
00
00
d0
ee
cf
1b
3c
7f
00
00
20
45
c0
1b
3c
7f
00
00
00
68
cf
1b
3c
7f
00
00
c0
72
cf
1b
3c
7f
00
00
c0
e7
cf
1b
3c
7f
00
00
c0
f4
cf
1b
3c
7f
00
00
a0
d9
cf
1b
3c
7f
00
00
c0
f0
cf
1b
3c
7f
00
00
f0
60
b8
1b
3c
7f
00
00
40
d0
cf
1b
3c
7f
00
00
e0
b7
cf
1b
3c
7f
00
00
44
81
cf
1b
3c
7f
00
00
b0
cc
cf
1b
3c
7f
00
00
40
01
d0
1b
3c
7f
00
00
00
b4
cf
1b
3c
7f
00
00
00
77
cf
1b
3c
7f
00
00
70
61
b8
1b
3c
7f
00
00
80
61
b8
1b
3c
7f
00
00
d0
ee
cf
1b
3c
7f
00
00
80
7a
cf
1b
3c
7f
00
00
c4
97
cf
1b
3c
7f
00
00
c0
61
b8
1b
3c
7f
00
00
30
bc
cf
1b
3c
7f
00
00
10
06
cf
1b
3c
7f
00
00
a0
65
cf
1b
3c
7f
00
00
30
81
cf
1b
3c
7f
00
00
80
6d
cf
1b
3c
7f
00
00
c0
f4
cf
1b
3c
7f
00
00
50
dd
cf
1b
3c
7f
00
00
b0
f7
cf
1b
3c
7f
00
00
50
62
b8
1b
3c
7f
00
00
c0
e7
cf
1b
3c
7f
00
00
10
b6
cf
1b
3c
7f
00
00
80
b1
cf
1b
3c
7f
00
00
40
01
d0
1b
3c
7f
00
00
c0
e7
cf
1b
3c
7f
00
00
b0
62
b8
1b
3c
7f
00
00
a0
97
6b
20
3c
7f
00
00
70
cd
6b
20
3c
7f
00
00
c0
05
d0
1b
3c
7f
00
00
80
ef
cf
1b
3c
7f
00
00
c0
07
d0
1b
3c
7f
00
00
40
69
cf
1b
3c
7f
00
00
20
63
b8
1b
3c
7f
00
00
30
63
b8
1b
3c
7f
00
00
e0
66
cf
1b
3c
7f
00
00
60
06
6c
20
3c
7f
00
00
60
b9
cf
1b
3c
7f
00
00
00
00
00
00
00
00
00
00
00
00
00
00
00
00
00
00
00
00
00
00
00
00
00
00
7f
03
00
00
40
00
00
00
22
00
00
00
00
00
00
00
00
00
00
00
00
00
00
00
00
00
00
00
00
00
00
00
03
00
00
00
b1
39
15
99
e3
bc
a5
16
cd
a4
74
67
1e
51
01
3e
aa
8a
50
4e
05
8c
04
61
17
06
50
f5
15
71
6b
84
2c
89
19
6a
af
97
6a
89
36
f9
48
db
54
84
89
14
06
d1
ff
37
9c
ff
8b
b5
04
71
e1
59
49
8a
91
cf
83
8c
37
09
71
a4
c7
52
a9
3e
29
8d
01
c3
4f
1f
be
71
db
c3
1c
4e
b4
39
f9
4e
a4
f8
b1
80
8b
4c
28
c3
ed
19
dd
4b
bf
87
e5
40
b2
c9
1b
4b
ee
e9
e7
ae
82
43
41
6b
5b
53
da
c5
be
f3
08
00
00
00
00
00
00
00
00
00
00
00
00
00
00
00
03
00
00
00
03
00
00
00
00
00
00
00
03
00
00
00
00
00
80
02
00
00
00
00
01
00
00
00
64
00
00
00
ff
ff
ff
ff
ff
ff
ff
ff
00
00
00
00
00
00
00
00
00
00
00
00
00
00
00
00
00
00
00
00
00
00
00
00
01
00
00
00
00
00
00
00
00
00
00
00
00
00
00
00
00
00
00
00
00
00
00
00
00
00
00
00
00
00
00
00
00
00
00
00
00
00
00
00
00
00
00
00
00
00
00
00
14
00
00
00
40
00
00
00
00
00
00
00
00
00
00
00
00
00
00
00
00
00
00
00
01
00
00
00
00
00
00
00
ff
ff
ff
ff
00
00
00
00
00
00
00
00
00
00
00
00
00
00
00
00
00
00
00
00
00
00
00
00
00
00
00
00
ff
ff
ff
ff
00
00
00
00
07
00
00
00
00
00
00
00
00
00
00
00
00
00
00
00
00
00
00
00
00
00
00
00
00
00
02
00
00
00
00
00
00
00
02
00
00
00
00
00
00
00
02
00
00
00
00
00
08
00
00
00
00
00
00
00
00
00
00
00
00
00
00
00
00
00
00
00
00
00
00
00
00
00
00
00
00
00
00
00
00
00
00
00
00
00
00
00
00
00
01
00
00
00
00
00
00
00
00
00
00
00
00
00
00
00
00
00
00
00
00
00
00
00
00
00
00
00
00
00
00
20
2d
73
c3
55
00
00
40
00
00
00
00
00
00
00
08
04
00
00
00
00
00
00
07
00
00
00
00
00
00
00
00
00
00
00
00
00
00
00
01
00
00
00
00
00
00
00
00
08
00
00
00
00
00
00
00
20
00
00
00
00
00
00
00
00
10
00
00
00
00
00
00
00
08
00
00
00
00
00
00
80
00
00
00
00
00
00
00
40
00
00
00
00
00
00
d0
07
00
00
3f
00
00
00
01
00
00
00
01
00
00
00
ff
00
00
00
08
00
00
00
ff
ff
ff
ff
02
00
00
00
03
00
00
00
00
00
00
00
00
00
00
00
00
00
00
00
00
00
00
00
00
00
00
00
00
00
00
00
00
00
00
00
00
00
00
00
00
00
00
00
00
00
00
00
00
00
00
00
00
00
00
00
00
00
00
00
00
00
00
00
00
00
00
00
00
00
00
00
00
00
00
00
00
00
00
00
00
00
00
00
00
00
00
00
00
00
00
00
00
00
00
00
00
00
00
00
00
00
00
00
00
00
00
00
ff
ff
ff
ff
00
00
00
00
00
00
00
00
00
00
00
00
00
00
00
00
00
00
00
00
00
00
00
00
01
00
00
00
02
00
00
00
06
00
00
00
02
00
00
00
1d
00
00
00
01
00
00
00
0c
00
00
00
4f
00
00
00
40
00
00
00
01
00
00
00
58
02
00
00
00
00
00
00
01
00
00
00
00
00
00
00
00
00
00
00
00
00
00
00
00
00
00
00
ff
ff
ff
ff
00
00
00
00
00
00
00
00
00
00
00
00
00
00
00
00
00
00
00
00
00
00
00
00
00
00
00
00
00
00
00
00
00
00
00
00
01
00
00
00
00
00
00
00
00
00
00
00
00
00
00
00
00
00
00
00
00
00
00
00
ff
ff
ff
ff
00
00
00
00
00
00
00
00
00
00
00
00
00
00
00
00
00
00
00
00
10
61
d3
1b
3c
7f
00
00
6b
60
d3
1b
3c
7f
00
00
01
00
00
00
ff
ff
ff
7f
7b
60
d3
1b
3c
7f
00
00
00
00
00
00
00
00
00
00
00
00
00
00
00
00
00
00
00
00
00
00
00
00
00
00
6b
60
d3
1b
3c
7f
00
00
10
61
d3
1b
3c
7f
00
00
01
00
00
00
ff
ff
ff
7f
8b
60
d3
1b
3c
7f
00
00
00
00
00
00
00
00
00
00
00
00
00
00
00
00
00
00
00
00
00
00
00
00
00
00
10
61
d3
1b
3c
7f
00
00
9b
60
d3
1b
3c
7f
00
00
01
00
00
00
ff
ff
ff
7f
a5
60
d3
1b
3c
7f
00
00
00
00
00
00
00
00
00
00
00
00
00
00
00
00
00
00
00
00
00
00
00
00
00
00
9b
60
d3
1b
3c
7f
00
00
10
61
d3
1b
3c
7f
00
00
01
00
00
00
ff
ff
ff
7f
b7
60
d3
1b
3c
7f
00
00
00
00
00
00
00
00
00
00
00
00
00
00
00
00
00
00
00
00
00
00
00
00
00
00
10
61
d3
1b
3c
7f
00
00
c9
60
d3
1b
3c
7f
00
00
01
00
00
00
ff
ff
ff
7f
d9
60
d3
1b
3c
7f
00
00
00
00
00
00
00
00
00
00
00
00
00
00
00
00
00
00
00
00
00
00
00
00
00
00
c9
60
d3
1b
3c
7f
00
00
10
61
d3
1b
3c
7f
00
00
01
00
00
00
ff
ff
ff
7f
e9
60
d3
1b
3c
7f
00
00
00
00
00
00
00
00
00
00
00
00
00
00
00
00
00
00
00
00
00
00
00
00
00
00
f9
60
d3
1b
3c
7f
00
00
10
61
d3
1b
3c
7f
00
00
01
00
00
00
ff
ff
ff
7f
09
61
d3
1b
3c
7f
00
00
00
00
00
00
00
00
00
00
00
00
00
00
00
00
00
00
00
00
00
00
00
00
00
00
10
61
d3
1b
3c
7f
00
00
f9
60
d3
1b
3c
7f
00
00
01
00
00
00
ff
ff
ff
7f
19
61
d3
1b
3c
7f
00
00
00
00
00
00
00
00
00
00
00
00
00
00
00
00
00
00
00
00
00
00
00
00
00
00
29
61
d3
1b
3c
7f
00
00
10
61
d3
1b
3c
7f
00
00
01
00
00
00
ff
ff
ff
7f
3a
61
d3
1b
3c
7f
00
00
00
00
00
00
00
00
00
00
00
00
00
00
00
00
00
00
00
00
00
00
00
00
00
00
10
61
d3
1b
3c
7f
00
00
29
61
d3
1b
3c
7f
00
00
01
00
00
00
ff
ff
ff
7f
4b
61
d3
1b
3c
7f
00
00
00
00
00
00
00
00
00
00
00
00
00
00
00
00
00
00
00
00
00
00
00
00
00
00
5c
61
d3
1b
3c
7f
00
00
10
61
d3
1b
3c
7f
00
00
01
00
00
00
ff
ff
ff
7f
69
61
d3
1b
3c
7f
00
00
00
00
00
00
00
00
00
00
00
00
00
00
00
00
00
00
00
00
00
00
00
00
00
00
10
61
d3
1b
3c
7f
00
00
5c
61
d3
1b
3c
7f
00
00
01
00
00
00
ff
ff
ff
7f
80
61
d3
1b
3c
7f
00
00
00
00
00
00
00
00
00
00
00
00
00
00
00
00
00
00
00
00
00
00
00
00
00
00
c0
ca
d1
1b
3c
7f
00
00
c0
c4
d1
1b
3c
7f
00
00
c0
ca
d1
1b
3c
7f
00
00
c0
c4
d1
1b
3c
7f
00
00
c0
ce
d1
1b
3c
7f
00
00
c0
d3
d1
1b
3c
7f
00
00
88
b1
d3
1b
3c
7f
00
00
60
c4
2f
73
c3
55
00
00
20
a3
d7
1b
3c
7f
00
00
00
00
00
00
00
00
00
00
00
00
00
00
00
00
00
00
00
00
00
00
00
00
00
00
10
82
d7
1b
3c
7f
00
00
04
82
d7
1b
3c
7f
00
00
04
82
d7
1b
3c
7f
00
00
03
00
00
00
1f
00
00
00
03
00
00
00
00
00
00
00
80
82
d7
1b
3c
7f
00
00
60
67
d7
1b
3c
7f
00
00
00
00
00
00
00
00
00
00
00
00
00
00
00
00
00
00
00
00
00
00
00
00
00
00
00
00
00
00
00
00
00
00
00
00
00
00
00
00
00
00
00
00
00
00
00
00
00
00
00
00
00
00
00
00
00
00
00
00
00
00
00
00
00
00
00
00
00
00
00
00
00
00
00
00
00
00
00
00
00
00
00
00
00
00
00
00
00
00
00
00
00
00
00
00
00
00
00
00
00
00
00
00
00
00
00
00
00
00
00
00
00
00
00
00
00
00
00
00
00
00
00
00
00
00
00
00
00
00
00
00
00
00
00
00
00
00
00
00
00
00
00
00
00
00
00
00
00
00
00
00
00
00
00
00
00
00
00
00
00
00
00
00
00
00
00
00
00
00
00
00
00
00
00
00
00
00
00
00
00
00
00
00
00
00
00
00
00
00
00
00
00
00
00
00
00
00
00
00
00
00
00
00
00
00
00
00
00
00
00
00
00
00
00
00
00
00
00
00
00
00
00
00
00
00
00
00
00
00
00
00
00
00
c0
50
d7
1b
3c
7f
00
00
00
00
00
00
00
00
00
00
00
00
00
00
00
00
00
00
00
00
00
00
00
00
00
00
00
00
00
00
00
00
00
00
00
00
00
00
00
00
00
00
00
00
00
00
00
00
00
00
00
00
00
00
00
00
00
00
00
00
00
00
00
00
00
00
00
00
00
00
00
00
00
00
00
00
00
00
00
00
00
00
00
00
00
00
00
00
00
00
00
00
00
00
00
00
00
00
00
00
00
00
00
00
00
00
00
00
00
00
00
00
00
00
00
00
00
00
00
00
00
00
00
00
00
00
00
00
00
00
00
00
00
00
00
00
00
00
00
00
00
00
00
00
00
00
00
00
00
00
00
00
00
00
00
00
00
00
00
00
00
00
00
00
00
00
00
00
00
00
00
00
00
00
00
00
00
00
00
00
00
00
00
00
00
00
00
00
00
00
00
00
00
00
00
00
00
00
00
00
00
00
00
00
00
00
00
00
00
00
00
00
00
00
00
00
00
00
00
00
00
00
00
00
00
00
00
00
00
00
00
00
00
00
00
00
00
00
00
00
00
00
00
00
00
00
00
00
00
00
c0
50
d7
1b
3c
7f
00
00
00
00
00
00
00
00
00
00
00
00
00
00
00
00
00
00
00
00
00
00
00
00
00
00
88
20
ad
fb
00
00
00
00
00
00
00
00
00
00
00
00
00
00
00
00
00
00
00
00
00
00
00
00
00
00
00
00
00
00
00
00
00
00
00
00
00
00
00
00
00
00
00
00
00
00
00
00
00
00
00
00
00
00
00
00
00
00
00
00
00
00
00
00
00
00
00
00
00
00
00
00
00
00
00
00
00
00
00
00
00
00
00
00
00
00
00
00
00
00
00
00
00
00
00
00
00
00
00
00
00
00
00
00
00
00
00
00
00
00
00
00
80
00
00
00
ff
ff
ff
ff
ff
ff
ff
ff
00
00
00
00
00
00
00
00
80
aa
d7
1b
3c
7f
00
00
ff
ff
ff
ff
ff
ff
ff
ff
00
00
00
00
00
00
00
00
80
8b
d7
1b
3c
7f
00
00
00
00
00
00
00
00
00
00
00
00
00
00
00
00
00
00
00
00
00
00
00
00
00
00
00
00
00
00
00
00
00
00
00
00
00
00
00
00
00
00
00
00
00
00
00
00
00
00
00
56
d7
1b
3c
7f
00
00
00
00
00
00
00
00
00
00
00
00
00
00
00
00
00
00
00
00
00
00
00
00
00
00
00
00
00
00
00
00
00
00
00
00
00
00
00
00
00
00
00
00
00
00
00
00
00
00
00
00
00
00
00
00
00
00
00
00
00
00
00
00
00
00
00
00
00
00
00
00
00
00
00
00
00
00
00
00
00
00
00
00
00
00
00
00
00
00
00
00
00
00
00
00
00
00
00
00
00
00
00
00
00
00
00
00
00
00
00
00
00
00
00
00
00
00
00
00
00
00
00
00
00
00
00
00
00
00
00
00
00
00
00
00
00
00
00
00
00
00
00
00
00
00
00
00
00
00
00
00
00
00
00
00
00
00
00
00
00
00
00
00
00
00
00
00
00
00
00
00
00
00
00
00
00
00
00
00
00
00
00
00
00
00
00
00
00
00
00
00
00
00
00
00
00
00
00
00
00
00
00
00
00
00
00
00
00
00
00
00
00
00
00
00
00
00
00
00
00
00
00
00
00
00
c0
50
d7
1b
3c
7f
00
00
00
00
00
00
00
00
00
00
00
00
00
00
00
00
00
00
00
00
00
00
00
00
00
00
00
00
00
00
00
00
00
00
01
00
00
00
00
00
00
00
00
00
00
00
00
00
00
00
00
00
00
00
00
00
00
00
00
00
00
00
00
00
00
00
00
00
00
00
00
00
00
00
00
00
00
00
00
00
00
00
00
00
00
00
00
00
00
00
00
00
00
00
00
00
00
00
00
00
00
00
00
00
00
00
00
00
00
00
00
00
00
00
00
00
00
00
00
00
00
00
c0
ed
2f
73
c3
55
00
00
00
00
00
00
00
00
00
00
e0
8c
d7
1b
3c
7f
00
00
e0
8c
d7
1b
3c
7f
00
00
f0
8c
d7
1b
3c
7f
00
00
f0
8c
d7
1b
3c
7f
00
00
00
8d
d7
1b
3c
7f
00
00
00
8d
d7
1b
3c
7f
00
00
10
8d
d7
1b
3c
7f
00
00
10
8d
d7
1b
3c
7f
00
00
20
8d
d7
1b
3c
7f
00
00
20
8d
d7
1b
3c
7f
00
00
30
8d
d7
1b
3c
7f
00
00
30
8d
d7
1b
3c
7f
00
00
40
8d
d7
1b
3c
7f
00
00
40
8d
d7
1b
3c
7f
00
00
50
8d
d7
1b
3c
7f
00
00
50
8d
d7
1b
3c
7f
00
00
60
8d
d7
1b
3c
7f
00
00
60
8d
d7
1b
3c
7f
00
00
70
8d
d7
1b
3c
7f
00
00
70
8d
d7
1b
3c
7f
00
00
80
8d
d7
1b
3c
7f
00
00
80
8d
d7
1b
3c
7f
00
00
90
8d
d7
1b
3c
7f
00
00
90
8d
d7
1b
3c
7f
00
00
a0
8d
d7
1b
3c
7f
00
00
a0
8d
d7
1b
3c
7f
00
00
b0
8d
d7
1b
3c
7f
00
00
b0
8d
d7
1b
3c
7f
00
00
c0
8d
d7
1b
3c
7f
00
00
c0
8d
d7
1b
3c
7f
00
00
d0
8d
d7
1b
3c
7f
00
00
d0
8d
d7
1b
3c
7f
00
00
e0
8d
d7
1b
3c
7f
00
00
e0
8d
d7
1b
3c
7f
00
00
f0
8d
d7
1b
3c
7f
00
00
f0
8d
d7
1b
3c
7f
00
00
00
8e
d7
1b
3c
7f
00
00
00
8e
d7
1b
3c
7f
00
00
10
8e
d7
1b
3c
7f
00
00
10
8e
d7
1b
3c
7f
00
00
20
8e
d7
1b
3c
7f
00
00
20
8e
d7
1b
3c
7f
00
00
30
8e
d7
1b
3c
7f
00
00
30
8e
d7
1b
3c
7f
00
00
40
8e
d7
1b
3c
7f
00
00
40
8e
d7
1b
3c
7f
00
00
50
8e
d7
1b
3c
7f
00
00
50
8e
d7
1b
3c
7f
00
00
60
8e
d7
1b
3c
7f
00
00
60
8e
d7
1b
3c
7f
00
00
70
8e
d7
1b
3c
7f
00
00
70
8e
d7
1b
3c
7f
00
00
80
8e
d7
1b
3c
7f
00
00
80
8e
d7
1b
3c
7f
00
00
90
8e
d7
1b
3c
7f
00
00
90
8e
d7
1b
3c
7f
00
00
a0
8e
d7
1b
3c
7f
00
00
a0
8e
d7
1b
3c
7f
00
00
b0
8e
d7
1b
3c
7f
00
00
b0
8e
d7
1b
3c
7f
00
00
c0
8e
d7
1b
3c
7f
00
00
c0
8e
d7
1b
3c
7f
00
00
d0
8e
d7
1b
3c
7f
00
00
d0
8e
d7
1b
3c
7f
00
00
e0
8e
d7
1b
3c
7f
00
00
e0
8e
d7
1b
3c
7f
00
00
f0
8e
d7
1b
3c
7f
00
00
f0
8e
d7
1b
3c
7f
00
00
00
8f
d7
1b
3c
7f
00
00
00
8f
d7
1b
3c
7f
00
00
10
8f
d7
1b
3c
7f
00
00
10
8f
d7
1b
3c
7f
00
00
20
8f
d7
1b
3c
7f
00
00
20
8f
d7
1b
3c
7f
00
00
30
8f
d7
1b
3c
7f
00
00
30
8f
d7
1b
3c
7f
00
00
40
8f
d7
1b
3c
7f
00
00
40
8f
d7
1b
3c
7f
00
00
50
8f
d7
1b
3c
7f
00
00
50
8f
d7
1b
3c
7f
00
00
60
8f
d7
1b
3c
7f
00
00
60
8f
d7
1b
3c
7f
00
00
70
8f
d7
1b
3c
7f
00
00
70
8f
d7
1b
3c
7f
00
00
80
8f
d7
1b
3c
7f
00
00
80
8f
d7
1b
3c
7f
00
00
90
8f
d7
1b
3c
7f
00
00
90
8f
d7
1b
3c
7f
00
00
a0
8f
d7
1b
3c
7f
00
00
a0
8f
d7
1b
3c
7f
00
00
b0
8f
d7
1b
3c
7f
00
00
b0
8f
d7
1b
3c
7f
00
00
c0
8f
d7
1b
3c
7f
00
00
c0
8f
d7
1b
3c
7f
00
00
d0
8f
d7
1b
3c
7f
00
00
d0
8f
d7
1b
3c
7f
00
00
e0
8f
d7
1b
3c
7f
00
00
e0
8f
d7
1b
3c
7f
00
00
f0
8f
d7
1b
3c
7f
00
00
f0
8f
d7
1b
3c
7f
00
00
00
90
d7
1b
3c
7f
00
00
00
90
d7
1b
3c
7f
00
00
10
90
d7
1b
3c
7f
00
00
10
90
d7
1b
3c
7f
00
00
20
90
d7
1b
3c
7f
00
00
20
90
d7
1b
3c
7f
00
00
30
90
d7
1b
3c
7f
00
00
30
90
d7
1b
3c
7f
00
00
40
90
d7
1b
3c
7f
00
00
40
90
d7
1b
3c
7f
00
00
50
90
d7
1b
3c
7f
00
00
50
90
d7
1b
3c
7f
00
00
60
90
d7
1b
3c
7f
00
00
60
90
d7
1b
3c
7f
00
00
70
90
d7
1b
3c
7f
00
00
70
90
d7
1b
3c
7f
00
00
80
90
d7
1b
3c
7f
00
00
80
90
d7
1b
3c
7f
00
00
90
90
d7
1b
3c
7f
00
00
90
90
d7
1b
3c
7f
00
00
a0
90
d7
1b
3c
7f
00
00
a0
90
d7
1b
3c
7f
00
00
b0
90
d7
1b
3c
7f
00
00
b0
90
d7
1b
3c
7f
00
00
c0
90
d7
1b
3c
7f
00
00
c0
90
d7
1b
3c
7f
00
00
d0
90
d7
1b
3c
7f
00
00
d0
90
d7
1b
3c
7f
00
00
e0
90
d7
1b
3c
7f
00
00
e0
90
d7
1b
3c
7f
00
00
f0
90
d7
1b
3c
7f
00
00
f0
90
d7
1b
3c
7f
00
00
00
91
d7
1b
3c
7f
00
00
00
91
d7
1b
3c
7f
00
00
10
91
d7
1b
3c
7f
00
00
10
91
d7
1b
3c
7f
00
00
20
91
d7
1b
3c
7f
00
00
20
91
d7
1b
3c
7f
00
00
30
91
d7
1b
3c
7f
00
00
30
91
d7
1b
3c
7f
00
00
40
91
d7
1b
3c
7f
00
00
40
91
d7
1b
3c
7f
00
00
50
91
d7
1b
3c
7f
00
00
50
91
d7
1b
3c
7f
00
00
60
91
d7
1b
3c
7f
00
00
60
91
d7
1b
3c
7f
00
00
70
91
d7
1b
3c
7f
00
00
70
91
d7
1b
3c
7f
00
00
80
91
d7
1b
3c
7f
00
00
80
91
d7
1b
3c
7f
00
00
90
91
d7
1b
3c
7f
00
00
90
91
d7
1b
3c
7f
00
00
a0
91
d7
1b
3c
7f
00
00
a0
91
d7
1b
3c
7f
00
00
b0
91
d7
1b
3c
7f
00
00
b0
91
d7
1b
3c
7f
00
00
c0
91
d7
1b
3c
7f
00
00
c0
91
d7
1b
3c
7f
00
00
d0
91
d7
1b
3c
7f
00
00
d0
91
d7
1b
3c
7f
00
00
e0
91
d7
1b
3c
7f
00
00
e0
91
d7
1b
3c
7f
00
00
f0
91
d7
1b
3c
7f
00
00
f0
91
d7
1b
3c
7f
00
00
00
92
d7
1b
3c
7f
00
00
00
92
d7
1b
3c
7f
00
00
10
92
d7
1b
3c
7f
00
00
10
92
d7
1b
3c
7f
00
00
20
92
d7
1b
3c
7f
00
00
20
92
d7
1b
3c
7f
00
00
30
92
d7
1b
3c
7f
00
00
30
92
d7
1b
3c
7f
00
00
40
92
d7
1b
3c
7f
00
00
40
92
d7
1b
3c
7f
00
00
50
92
d7
1b
3c
7f
00
00
50
92
d7
1b
3c
7f
00
00
60
92
d7
1b
3c
7f
00
00
60
92
d7
1b
3c
7f
00
00
70
92
d7
1b
3c
7f
00
00
70
92
d7
1b
3c
7f
00
00
80
92
d7
1b
3c
7f
00
00
80
92
d7
1b
3c
7f
00
00
90
92
d7
1b
3c
7f
00
00
90
92
d7
1b
3c
7f
00
00
a0
92
d7
1b
3c
7f
00
00
a0
92
d7
1b
3c
7f
00
00
b0
92
d7
1b
3c
7f
00
00
b0
92
d7
1b
3c
7f
00
00
c0
92
d7
1b
3c
7f
00
00
c0
92
d7
1b
3c
7f
00
00
d0
92
d7
1b
3c
7f
00
00
d0
92
d7
1b
3c
7f
00
00
e0
92
d7
1b
3c
7f
00
00
e0
92
d7
1b
3c
7f
00
00
f0
92
d7
1b
3c
7f
00
00
f0
92
d7
1b
3c
7f
00
00
00
93
d7
1b
3c
7f
00
00
00
93
d7
1b
3c
7f
00
00
10
93
d7
1b
3c
7f
00
00
10
93
d7
1b
3c
7f
00
00
20
93
d7
1b
3c
7f
00
00
20
93
d7
1b
3c
7f
00
00
30
93
d7
1b
3c
7f
00
00
30
93
d7
1b
3c
7f
00
00
40
93
d7
1b
3c
7f
00
00
40
93
d7
1b
3c
7f
00
00
50
93
d7
1b
3c
7f
00
00
50
93
d7
1b
3c
7f
00
00
60
93
d7
1b
3c
7f
00
00
60
93
d7
1b
3c
7f
00
00
70
93
d7
1b
3c
7f
00
00
70
93
d7
1b
3c
7f
00
00
80
93
d7
1b
3c
7f
00
00
80
93
d7
1b
3c
7f
00
00
90
93
d7
1b
3c
7f
00
00
90
93
d7
1b
3c
7f
00
00
a0
93
d7
1b
3c
7f
00
00
a0
93
d7
1b
3c
7f
00
00
b0
93
d7
1b
3c
7f
00
00
b0
93
d7
1b
3c
7f
00
00
c0
93
d7
1b
3c
7f
00
00
c0
93
d7
1b
3c
7f
00
00
d0
93
d7
1b
3c
7f
00
00
d0
93
d7
1b
3c
7f
00
00
e0
93
d7
1b
3c
7f
00
00
e0
93
d7
1b
3c
7f
00
00
f0
93
d7
1b
3c
7f
00
00
f0
93
d7
1b
3c
7f
00
00
00
94
d7
1b
3c
7f
00
00
00
94
d7
1b
3c
7f
00
00
10
94
d7
1b
3c
7f
00
00
10
94
d7
1b
3c
7f
00
00
20
94
d7
1b
3c
7f
00
00
20
94
d7
1b
3c
7f
00
00
30
94
d7
1b
3c
7f
00
00
30
94
d7
1b
3c
7f
00
00
40
94
d7
1b
3c
7f
00
00
40
94
d7
1b
3c
7f
00
00
50
94
d7
1b
3c
7f
00
00
50
94
d7
1b
3c
7f
00
00
60
94
d7
1b
3c
7f
00
00
60
94
d7
1b
3c
7f
00
00
70
94
d7
1b
3c
7f
00
00
70
94
d7
1b
3c
7f
00
00
80
94
d7
1b
3c
7f
00
00
80
94
d7
1b
3c
7f
00
00
90
94
d7
1b
3c
7f
00
00
90
94
d7
1b
3c
7f
00
00
a0
94
d7
1b
3c
7f
00
00
a0
94
d7
1b
3c
7f
00
00
b0
94
d7
1b
3c
7f
00
00
b0
94
d7
1b
3c
7f
00
00
c0
94
d7
1b
3c
7f
00
00
c0
94
d7
1b
3c
7f
00
00
00
00
00
00
00
00
00
00
00
00
00
00
00
00
00
00
30
00
00
00
3c
7f
00
00
00
00
00
00
00
00
00
00
01
00
00
00
00
00
00
00
00
20
04
00
00
00
00
00
00
20
04
00
00
00
00
00
90
54
c0
1b
3c
7f
00
00
11
7b
d3
1b
3c
7f
00
00
11
7b
d3
1b
3c
7f
00
00
6e
bc
b5
91
fe
7f
00
00
6c
bc
b5
91
fe
7f
00
00
00
00
00
00
00
00
00
00
01
00
00
00
00
00
00
00
02
00
00
00
00
00
00
00
d8
06
d8
1b
3c
7f
00
00
00
00
00
00
00
00
00
00
ff
ff
ff
ff
ff
ff
ff
ff
00
f3
d3
1b
3c
7f
00
00
00
00
00
00
00
00
00
00
20
58
d7
1b
3c
7f
00
00
60
5d
d7
1b
3c
7f
00
00
e0
5d
d7
1b
3c
7f
00
00
60
66
d7
1b
3c
7f
00
00
a0
5b
d7
1b
3c
7f
00
00
20
5b
d7
1b
3c
7f
00
00
00
00
00
00
00
00
00
00
20
63
d7
1b
3c
7f
00
00
80
63
d7
1b
3c
7f
00
00
00
64
d7
1b
3c
7f
00
00
c0
64
d7
1b
3c
7f
00
00
40
65
d7
1b
3c
7f
00
00
a0
65
d7
1b
3c
7f
00
00
c0
d3
d1
1b
3c
7f
00
00
c0
c4
d1
1b
3c
7f
00
00
c0
ca
d1
1b
3c
7f
00
00
c2
81
d3
1b
3c
7f
00
00
c2
81
d3
1b
3c
7f
00
00
c2
81
d3
1b
3c
7f
00
00
c2
81
d3
1b
3c
7f
00
00
c2
81
d3
1b
3c
7f
00
00
c2
81
d3
1b
3c
7f
00
00
c2
81
d3
1b
3c
7f
00
00
c2
81
d3
1b
3c
7f
00
00
c2
81
d3
1b
3c
7f
00
00
c2
81
d3
1b
3c
7f
00
00
c2
81
d3
1b
3c
7f
00
00
c2
81
d3
1b
3c
7f
00
00
c2
81
d3
1b
3c
7f
00
00
00
00
00
00
00
00
00
00
00
00
00
00
00
00
00
00
00
00
00
00
00
00
00
00
a0
96
d7
1b
3c
7f
00
00
00
00
00
00
00
00
00
00
00
00
00
00
00
00
00
00
00
00
00
00
00
00
00
00
86
20
ad
fb
00
00
00
00
00
00
00
00
00
00
00
00
00
00
00
00
00
00
00
00
00
00
00
00
00
00
00
00
00
00
00
00
00
00
00
00
00
00
00
00
00
00
00
00
00
00
00
00
00
00
00
00
00
00
00
00
00
00
00
00
00
00
00
00
00
00
00
00
00
00
00
00
00
00
00
00
00
00
00
00
00
00
00
00
00
00
00
00
00
00
00
00
00
00
00
00
00
00
00
00
80
97
d7
1b
3c
7f
00
00
02
00
00
00
80
00
00
00
ff
ff
ff
ff
ff
ff
ff
ff
00
00
00
00
00
00
00
00
60
aa
d7
1b
3c
7f
00
00
ff
ff
ff
ff
ff
ff
ff
ff
00
00
00
00
00
00
00
00
a0
88
d7
1b
3c
7f
00
00
00
00
00
00
00
00
00
00
00
00
00
00
00
00
00
00
00
00
00
00
00
00
00
00
ff
ff
ff
ff
00
00
00
00
00
00
00
00
00
00
00
00
00
00
00
00
00
00
00
00
00
56
d7
1b
3c
7f
00
00
84
20
ad
fb
00
00
00
00
00
00
00
00
00
00
00
00
00
00
00
00
00
00
00
00
00
00
00
00
00
00
00
00
00
00
00
00
00
00
00
00
00
00
00
00
00
00
00
00
00
00
00
00
00
00
00
00
00
00
00
00
00
00
00
00
00
00
00
00
00
00
00
00
00
00
00
00
00
00
00
00
00
00
00
00
00
00
00
00
00
00
00
00
00
00
00
00
00
00
00
00
00
00
00
00
a0
8a
d7
1b
3c
7f
00
00
01
00
00
00
80
00
00
00
ff
ff
ff
ff
ff
ff
ff
ff
00
00
00
00
00
00
00
00
70
aa
d7
1b
3c
7f
00
00
ff
ff
ff
ff
ff
ff
ff
ff
00
00
00
00
00
00
00
00
a0
89
d7
1b
3c
7f
00
00
00
00
00
00
00
00
00
00
00
00
00
00
00
00
00
00
00
00
00
00
00
00
00
00
00
00
00
00
00
00
00
00
00
00
00
00
00
00
00
00
00
00
00
00
00
00
00
00
00
56
d7
1b
3c
7f
00
00
a0
96
d7
1b
3c
7f
00
00
80
97
d7
1b
3c
7f
00
00
a0
8a
d7
1b
3c
7f
00
00
40
f0
6d
20
3c
7f
00
00
60
81
b8
1b
3c
7f
00
00
00
00
00
00
00
00
00
00
00
00
00
00
00
00
00
00
00
00
00
00
00
00
00
00
00
00
00
00
00
00
00
00
00
00
00
00
00
00
00
00
00
00
00
00
00
00
00
00
00
00
00
00
00
00
00
00
00
00
00
00
00
00
00
00
00
00
00
00
00
00
00
00
00
00
00
00
00
00
00
00
00
00
00
00
00
00
00
00
00
00
00
00
00
00
00
00
00
00
00
00
00
00
00
00
00
00
00
00
00
00
00
00
00
00
00
00
00
00
00
00
00
00
00
00
00
00
00
00
00
00
00
00
00
00
00
00
00
00
00
00
00
00
00
00
00
00
00
00
00
00
00
00
00
00
00
00
00
00
00
00
00
00
00
00
00
00
00
00
00
00
00
00
00
00
00
00
00
00
00
00
00
00
00
00
00
00
00
00
00
00
00
00
00
00
00
00
00
00
00
00
00
00
00
00
00
00
00
00
00
00
00
00
00
00
00
00
00
00
00
00
00
00
00
00
00
00
00
00
00
00
00
00
00
00
00
00
00
00
00
00
00
00
00
00
00
00
00
00
00
00
00
00
00
00
00
00
00
00
00
00
00
00
00
00
00
00
00
00
00
00
00
00
00
00
00
00
00
00
00
00
00
00
00
00
00
00
00
00
00
00
00
00
00
00
00
00
00
00
00
00
00
00
00
00
00
00
00
00
00
00
00
00
00
00
00
00
00
00
00
00
00
00
00
00
00
00
00
00
00
00
00
00
00
00
00
00
00
00
00
00
00
00
00
00
00
00
00
00
00
00
00
00
00
00
00
00
00
00
00
00
00
00
00
00
00
00
00
00
00
00
00
00
00
00
00
00
00
00
00
00
00
00
00
00
00
00
00
00
00
00
00
00
00
00
00
00
00
00
00
00
00
00
00
00
00
00
00
00
c8
a9
b5
91
fe
7f
00
00
01
00
00
00
00
00
00
00
00
00
00
00
00
00
00
00
00
00
00
00
00
00
00
00
00
00
00
00
00
00
00
00
00
00
00
00
00
00
00
00
00
00
00
00
00
00
00
00
00
00
00
00
00
00
00
00
00
00
00
00
00
00
00
00
00
00
00
00
00
00
00
00
00
00
00
00
00
00
00
00
00
00
00
00
00
00
00
00
00
00
00
00
00
00
00
00
00
00
00
00
00
00
00
00
00
00
00
00
00
00
00
00
00
00
00
00
00
00
00
00
00
00
00
00
00
00
00
00
00
00
00
00
00
00
00
00
00
00
00
00
00
00
00
00
00
00
00
00
00
00
00
00
00
00
00
00
00
00
00
00
00
00
00
00
00
00
00
00
00
00
00
00
00
00
00
00
00
00
00
00
00
00
00
00
00
00
00
00
00
00
00
00
00
00
00
00
00
00
00
00
00
00
00
00
00
00
00
00
00
00
00
00
00
00
00
00
00
00
00
00
00
00
00
00
00
00
00
00
00
00
00
00
00
00
00
00
00
00
00
00
00
00
00
00
00
00
00
00
00
00
00
00
00
00
00
00
00
00
00
00
00
00
00
00
00
00
00
00
00
00
00
00
00
00
00
00
00
00
00
00
00
00
00
00
00
00
00
00
00
00
00
00
00
00
00
00
00
00
00
00
00
00
00
00
00
00
00
00
00
00
00
00
00
00
00
00
00
00
00
00
00
00
00
00
00
00
00
00
00
00
00
00
00
00
00
00
00
00
00
00
00
00
00
00
00
00
00
00
00
00
00
00
00
00
00
00
00
00
00
00
00
00
00
00
00
00
00
00
00
00
00
00
00
00
00
00
00
00
00
00
00
00
00
00
00
00
00
00
00
00
00
00
00
00
00
00
00
00
00
00
00
00
00
00
00
00
00
00
00
00
00
00
00
00
00
00
00
00
00
00
00
00
00
00
00
00
00
00
00
00
00
00
00
00
00
00
00
00
00
00
00
00
00
00
00
00
00
00
00
00
00
00
00
00
00
00
00
00
00
00
00
00
00
00
00
00
00
00
00
00
00
00
00
00
00
00
00
00
00
00
00
00
00
00
00
00
00
00
00
00
00
00
00
00
00
00
00
00
00
00
00
00
00
00
00
00
00
00
00
00
00
00
00
00
00
00
00
00
00
00
00
00
00
00
00
00
00
00
00
00
00
00
00
00
00
00
00
00
00
00
00
00
00
00
00
00
00
00
00
00
00
00
00
00
00
00
00
00
00
00
00
00
00
00
00
00
00
00
00
00
00
00
00
00
00
00
00
00
00
00
00
00
00
00
00
00
00
00
00
00
00
00
00
00
00
00
00
00
00
00
00
00
00
00
00
00
00
00
00
00
00
00
00
00
00
00
00
00
00
00
00
00
00
00
00
00
00
00
00
00
00
00
00
00
00
00
00
00
00
00
00
00
00
00
00
00
00
00
00
00
00
00
00
00
00
00
00
00
00
00
00
00
00
00
00
00
00
00
00
00
00
00
00
00
00
00
00
00
00
00
00
00
00
00
00
00
00
00
00
00
00
00
00
00
00
00
00
00
00
00
00
00
00
00
00
00
00
00
00
00
00
00
00
00
00
00
00
00
00
00
00
00
00
00
00
00
00
00
00
00
00
00
00
00
00
00
00
00
00
00
00
00
00
00
00
00
00
00
00
00
00
00
00
00
00
00
00
00
00
00
00
00
00
00
00
00
00
00
00
00
00
00
00
00
00
00
00
00
00
00
00
00
00
00
00
00
00
00
00
00
00
00
00
00
00
00
00
00
00
00
00
00
00
00
00
00
00
00
00
00
00
00
00
00
00
00
00
00
00
00
00
00
00
00
00
00
00
00
00
00
00
00
00
00
00
00
00
00
00
00
00
00
00
00
00
00
00
00
00
00
00
00
00
00
00
00
00
00
00
00
00
00
00
00
00
00
00
00
00
00
00
00
00
00
00
00
00
00
00
00
00
00
00
00
00
00
00
00
00
00
00
00
00
00
00
00
00
00
00
00
00
00
00
00
00
00
00
00
00
00
00
00
00
00
00
00
00
00
00
00
00
00
00
00
00
00
00
00
00
00
00
00
00
00
00
00
00
00
00
00
00
00
00
00
00
00
00
00
00
00
00
00
00
00
00
00
00
00
00
00
00
00
00
00
00
00
00
00
00
00
00
00
00
00
00
00
00
00
00
00
00
00
00
00
00
00
00
00
00
00
00
00
00
00
00
00
00
00
00
00
00
00
00
00
00
00
00
00
00
00
00
00
00
00
00
00
00
00
00
00
00
00
00
00
00
00
00
00
00
00
00
00
00
00
00
00
00
00
00
00
00
00
00
00
00
00
00
00
00
00
00
00
00
00
00
00
00
00
00
00
00
00
00
00
00
00
00
00
00
00
00
00
00
00
00
00
00
00
00
00
00
00
00
00
00
00
00
00
00
00
00
00
00
00
00
00
00
00
00
00
00
00
00
00
00
00
00
00
00
00
00
00
00
00
00
00
00
00
00
00
00
00
00
00
00
00
00
00
00
00
00
00
00
00
00
00
00
00
00
00
00
00
00
00
00
00
00
00
00
00
00
00
00
00
00
00
00
00
00
00
00
00
00
00
00
00
00
00
00
00
00
00
00
00
00
00
00
00
00
00
00
00
00
00
00
00
00
00
00
00
00
00
00
00
00
00
00
00
00
00
00
00
00
00
00
00
00
00
8d
01
00
00
00
00
00
00
00
00
00
00
00
00
00
00
00
00
00
00
00
00
00
00
00
00
00
00
00
00
00
00
00
00
00
00
00
00
00
00
20
00
00
00
00
00
00
00
04
00
00
00
00
00
00
00
ac
72
7b
c4
b2
fa
75
bd
90
f2
fc
1b
3c
7f
00
00
c0
f0
fc
1b
3c
7f
00
00
04
00
00
00
00
00
00
00
ac
72
fb
c5
b2
fa
75
bd
88
f2
fc
1b
3c
7f
00
00
c0
f0
fc
1b
3c
7f
00
00
04
00
00
00
00
00
00
00
ac
72
fb
b5
a8
fa
75
bd
10
f2
fc
1b
3c
7f
00
00
c0
f0
fc
1b
3c
7f
00
00
04
00
00
00
00
00
00
00
ac
72
1b
fb
a8
fa
75
bd
28
f2
fc
1b
3c
7f
00
00
c0
f0
fc
1b
3c
7f
00
00
04
00
00
00
00
00
00
00
ac
72
3b
fb
a8
fa
75
bd
20
f2
fc
1b
3c
7f
00
00
c0
f0
fc
1b
3c
7f
00
00
04
00
00
00
00
00
00
00
ac
72
7b
94
a9
fa
75
bd
30
f2
fc
1b
3c
7f
00
00
c0
f0
fc
1b
3c
7f
00
00
04
00
00
00
00
00
00
00
ac
72
1b
35
9e
fa
75
bd
50
f2
fc
1b
3c
7f
00
00
c0
f0
fc
1b
3c
7f
00
00
04
00
00
00
00
00
00
00
ac
72
3b
35
9e
fa
75
bd
